0 1 5 9 6 10 2 14 11 7 3 15 19 35 12 32 31 18 33 27 4 29 8 34 30 23 16 28 26 24 25 13 20 21 17 22
1 0 5 9 6 10 2 14 11 7 3 15 19 35 12 31 32 18 4 8 33 29 27 30 16 34 23 28 26 24 13 25 20 21 17 22
2 3 7 6 8 4 11 12 13 5 0 1 9 10 16 17 14 22 35 31 15 26 32 18 27 33 19 23 28 30 34 29 24 21 20 25
3 2 7 4 8 6 12 13 11 5 17 16 0 1 9 10 22 14 35 31 32 26 27 33 28 18 23 30 15 34 29 24 19 21 20 25
4 8 3 13 7 2 12 6 17 11 16 22 5 31 32 35 26 10 27 0 28 1 33 9 23 18 34 30 24 14 29 21 20 25 19 15
5 1 0 9 6 10 11 14 2 7 3 15 12 19 16 4 8 18 13 23 27 20 35 24 17 32 28 31 33 21 30 29 26 25 34 22
6 2 7 3 5 11 1 0 9 10 12 8 4 13 16 14 17 15 19 35 31 22 18 26 32 23 27 20 30 28 33 21 24 29 34 25
7 3 2 6 8 4 12 11 13 5 16 17 10 9 0 1 14 22 15 31 35 26 18 19 23 27 32 21 20 28 24 30 33 34 25 29
8 4 13 3 7 12 2 17 11 6 16 22 5 26 31 10 35 0 9 1 32 27 28 21 30 33 18 23 14 24 34 20 29 25 15 19
9 5 10 1 0 14 6 11 15 19 2 7 3 16 18 12 20 24 23 27 8 21 4 28 13 17 25 35 31 32 33 29 26 30 22 34
10 9 14 5 11 15 1 0 6 19 16 7 12 2 18 20 3 24 23 13 21 17 8 4 27 28 25 22 26 32 33 31 35 29 30 34
11 12 7 6 16 2 10 3 9 5 13 8 14 17 4 1 0 15 19 20 22 18 21 24 26 23 31 25 35 27 28 30 29 32 33 34
12 13 16 11 17 8 7 4 3 2 6 22 10 5 9 21 14 20 15 26 0 1 19 31 18 25 35 24 30 23 28 27 29 32 34 33
13 12 8 17 4 7 16 3 11 2 22 6 26 21 31 35 20 10 25 30 5 9 15 29 14 24 18 0 34 1 28 23 19 27 32 33
14 15 10 19 9 18 5 11 24 20 23 0 1 16 6 28 27 12 7 21 2 3 25 17 13 33 8 4 32 22 29 34 30 26 31 35
15 14 19 20 10 9 18 24 21 16 23 11 25 5 0 1 28 27 22 12 17 6 29 26 30 7 31 33 34 13 35 2 32 3 8 4
16 12 17 11 13 22 8 7 20 21 15 10 4 14 3 2 6 19 9 25 26 18 24 5 31 23 1 0 30 35 28 29 27 34 33 32
17 13 12 16 22 8 4 21 11 26 7 3 20 25 31 2 6 30 35 15 29 10 19 24 14 9 34 5 18 23 28 0 1 33 27 32
18 24 23 19 28 27 14 15 20 33 10 32 21 9 34 16 25 29 5 11 0 1 30 12 4 8 7 13 6 22 17 3 2 26 35 31
19 18 15 14 24 20 23 10 28 27 9 21 16 25 5 11 33 0 1 32 29 34 12 22 30 6 17 26 7 13 31 2 35 8 3 4
20 21 15 19 25 24 18 16 14 22 23 26 28 17 10 29 30 27 31 12 34 9 11 35 33 13 32 5 0 1 8 7 4 6 2 3
21 25 20 22 26 30 29 15 17 31 16 35 19 24 34 18 13 12 23 14 28 33 10 27 11 32 9 8 4 0 5 1 7 6 3 2
22 26 17 21 25 31 30 13 16 35 20 12 29 8 34 4 15 11 7 3 24 2 19 33 6 28 32 18 10 23 27 14 9 5 0 1
23 28 24 18 27 19 33 32 20 14 15 34 29 25 10 21 30 9 16 5 0 4 1 35 26 8 11 31 22 12 13 3 7 2 17 6
24 18 23 28 27 19 20 15 33 14 32 21 34 25 29 10 30 16 9 22 26 35 17 11 31 12 5 13 0 4 8 1 7 3 6 2
25 21 26 30 29 31 22 35 20 34 15 24 17 33 19 28 16 32 23 18 27 13 14 12 10 9 0 1 11 8 5 4 7 3 6 2
26 31 30 35 25 22 29 21 34 17 20 13 33 16 32 12 15 8 4 28 24 27 3 7 19 0 23 1 2 11 18 6 5 9 10 14
27 28 23 24 33 32 18 34 19 29 20 14 30 15 25 35 21 4 0 10 31 9 26 1 8 5 3 13 2 7 16 22 6 12 11 17
28 27 23 24 33 18 32 34 19 29 20 30 14 15 25 21 35 26 31 4 10 9 0 8 1 5 22 3 13 16 7 2 12 17 11 6
29 30 34 35 25 26 31 33 32 21 28 22 27 20 24 23 18 19 15 17 0 1 13 4 16 8 9 5 14 3 12 2 10 7 6 11
30 29 31 35 26 25 34 22 21 33 32 20 28 27 17 24 23 15 13 18 19 0 1 4 8 16 12 3 5 2 9 7 6 14 10 11
31 35 26 30 29 25 22 34 21 17 33 32 20 13 4 8 0 28 1 12 3 16 27 2 15 7 24 6 5 23 9 11 19 18 10 14
32 33 34 27 28 29 23 24 30 35 18 31 25 26 19 0 4 1 21 20 8 3 5 22 2 14 15 13 9 7 6 10 17 12 16 11
33 32 34 27 28 29 23 30 24 35 18 31 25 26 19 21 20 0 4 22 1 15 8 14 3 5 9 13 2 7 17 6 10 12 16 11
34 29 33 32 30 35 31 28 25 27 26 23 24 21 22 18 20 19 0 1 15 4 17 13 8 3 5 9 14 2 7 16 12 6 10 11
35 31 30 26 29 34 25 22 21 33 32 17 20 28 13 0 1 27 4 8 3 2 24 7 12 23 5 6 15 16 9 19 18 11 10 14
