24 23 28 23 28 27
11 16 12 17 16 20
29 25 26 31 35 31
12 8 3 2 7 3
2 6 7 11 16 12
9 5 1 5 0 1
33 34 33 28 24 23
34 33 34 30 26 22
29 25 30 34 29 34
15 19 15 10 9 10
19 18 19 14 10 9
15 19 15 20 25 21
19 18 23 18 19 14
26 25 30 31 30 35
11 10 9 10 5 9
28 33 34 30 35 31
10 11 12 8 4 8
15 19 15 19 15 19
31 35 31 35 31 30
29 30 25 26 31 35
14 19 20 19 24 19
29 30 25 26 25 21
2 6 7 3 7 12
31 35 31 35 30 29
32 33 32 33 34 30
21 22 17 12 17 12
14 10 15 19 18 23
7 3 2 7 3 8
26 31 30 29 30 25
11 7 2 3 2 6
6 7 8 12 16 12
0 5 10 15 20 24
11 10 14 10 15 19
32 33 32 33 34 30
5 6 2 6 11 6
9 10 9 5 0 5
28 24 19 15 19 20
12 17 13 12 17 12
2 7 6 7 8 12
4 8 12 8 7 11
25 26 30 35 31 30
21 25 20 24 20 24
28 27 28 23 24 28
5 10 5 9 10 9
23 28 23 28 24 28
35 30 25 26 25 21
17 12 17 16 20 21
19 18 19 24 20 19
14 10 5 6 11 16
28 24 28 23 18 19
0 5 10 11 10 15
7 2 6 2 7 3
0 1 0 5 6 2
2 3 2 7 8 4
6 11 6 5 0 1
7 3 7 8 12 17
6 2 3 7 6 7
1 5 6 11 7 12
20 25 20 19 20 21
30 25 21 25 30 26
30 29 34 30 34 33
5 0 5 9 10 5
34 33 28 33 32 33
20 19 18 19 14 10
16 17 16 12 8 4
6 7 12 7 3 2
11 6 2 6 5 6
20 21 20 15 10 14
17 13 12 13 8 3
4 8 13 12 7 8
14 10 9 5 9 10
29 25 21 22 17 16
30 26 31 30 29 25
18 19 18 19 18 23
15 19 20 19 18 23
29 30 34 30 31 30
29 30 31 30 31 26
3 2 6 7 6 2
10 11 12 7 8 7
11 10 9 10 5 1
32 33 32 33 32 33
34 29 25 26 25 29
27 28 24 28 33 32
1 5 1 5 1 5
25 20 16 11 16 11
19 20 15 10 15 20
30 34 29 30 25 29
0 1 5 1 5 0
20 25 29 25 30 31
8 13 17 16 12 11
16 17 13 12 17 22
6 2 6 2 3 7
16 12 11 6 5 1
27 28 33 32 33 32
29 25 20 19 20 25
27 28 33 28 23 28
32 33 32 33 32 33
32 33 28 33 32 33
28 27 28 27 28 23
24 23 28 23 18 19
24 23 24 19 24 20
17 13 12 11 6 7
17 22 26 25 20 21
24 28 27 28 23 28
10 9 10 14 19 24
34 30 34 33 28 27
27 28 27 28 33 34
28 33 32 33 28 33
35 30 25 20 15 20
0 5 10 15 19 14
7 12 11 6 5 6
22 17 16 11 16 11
5 10 15 10 5 0
7 11 6 7 8 7
8 3 8 7 11 6
2 7 6 5 0 1
10 15 10 14 19 24
21 22 17 13 12 7
3 8 3 2 3 2
30 29 34 29 25 26
31 35 31 35 31 35
14 19 20 19 14 10
18 19 20 25 30 31
13 12 17 22 21 20
1 0 5 6 11 10
9 10 9 5 6 7
14 19 24 20 15 10
13 8 4 8 4 8
4 8 7 3 7 2
14 19 24 28 27 28
26 30 29 25 20 25
25 20 19 15 10 9
13 8 13 12 13 17
7 8 13 12 7 11
31 30 29 25 30 29
16 11 12 13 12 13
34 29 34 29 25 26
5 1 0 5 0 1
7 12 11 10 11 12
3 8 13 8 7 2
6 5 0 1 0 5
17 22 17 22 17 22
24 23 28 27 28 23
7 11 10 14 10 14
33 28 23 24 19 20
18 19 18 19 24 23
9 5 10 15 20 19
11 10 11 16 17 12
8 13 12 17 13 17
28 24 28 27 28 24
3 8 4 8 4 8
13 17 22 21 25 26
12 7 3 7 2 7
32 33 32 33 34 33
16 11 12 8 3 8
5 9 5 1 5 0
25 29 30 34 29 34
20 21 20 21 25 30
30 25 21 22 21 20
32 33 28 27 28 27
0 5 10 14 10 14
18 19 24 19 20 16
16 11 7 2 7 8
9 5 6 2 6 11
14 10 5 0 1 5
17 13 17 16 12 7
13 12 7 12 7 6
24 20 16 12 7 12
6 5 9 10 15 10
21 20 25 21 22 26
31 35 30 26 25 21
33 32 33 32 33 34
35 30 25 21 20 24
16 11 7 11 10 15
26 22 17 22 26 25
7 8 12 17 16 17
5 6 7 8 12 7
13 17 22 21 22 17
1 5 6 7 3 2
32 33 28 33 34 30
3 7 6 7 2 6
34 33 32 33 34 29
25 29 30 26 31 30
9 5 0 5 9 5
18 23 28 24 19 14
25 29 34 30 34 29
25 29 30 29 25 29
2 7 2 3 7 11
9 5 1 0 5 9
32 33 34 29 30 26
27 28 23 18 23 18
27 28 27 28 23 24
20 24 23 18 23 28
19 15 19 24 19 24
25 26 22 21 25 20
4 8 13 8 12 16
30 25 29 34 30 25
33 34 30 25 26 25
29 34 29 30 31 35
10 11 16 11 10 9
27 28 33 28 23 24
2 6 2 7 6 5
31 26 22 17 16 11
4 8 12 11 7 6
10 14 10 5 9 5
29 34 30 35 31 35
31 30 35 31 30 35
20 21 22 17 13 8
22 26 25 30 25 26
18 19 15 20 16 11
12 16 12 7 8 7
7 11 6 5 10 5
32 33 34 33 28 33
13 8 3 8 13 8
22 21 25 30 34 29
4 8 4 8 13 12
20 25 20 15 20 16
6 11 6 7 11 7
16 17 16 17 22 21
22 17 12 8 12 16
29 25 26 31 30 34
1 5 10 14 10 9
19 20 25 30 26 31
16 17 13 12 17 16
16 17 12 7 3 8
20 19 20 25 26 22
31 30 31 26 31 35
11 6 5 6 7 3
2 6 5 6 2 7
2 3 7 12 8 13
23 18 23 28 23 28
23 18 19 15 10 15
11 10 11 16 11 7
23 24 20 15 10 15
2 7 12 7 12 7
0 1 5 6 5 0
7 3 2 7 11 6
34 33 34 29 30 29
23 28 33 34 29 30
17 16 17 16 17 22
26 22 21 22 21 22
24 28 24 20 24 20
22 21 22 21 25 26
30 31 30 26 22 26
12 7 12 13 8 7
27 28 33 28 23 28
6 2 6 5 1 0
16 20 15 19 20 16
35 30 31 30 25 29
18 23 18 23 18 19
3 8 12 11 10 14
14 19 15 10 9 10
21 25 29 25 26 30
27 28 27 28 24 20
3 2 3 2 7 11
2 3 8 12 7 12
15 19 24 23 18 23
12 11 12 13 12 13
18 23 18 23 28 23
23 28 24 20 16 20
14 19 18 19 15 10
4 8 7 11 7 8
22 17 16 17 12 8
11 16 17 13 17 22
27 28 27 28 23 24
10 14 19 24 23 18
18 23 18 23 28 27
19 14 19 24 19 15
17 16 11 10 14 19
5 10 5 6 7 8
8 13 8 7 2 7
34 30 26 31 30 29
32 33 28 23 28 27
32 33 34 29 34 33
16 17 22 17 12 11
3 7 2 7 3 7
8 13 17 22 17 12
30 26 22 21 25 29
19 14 10 11 10 15
32 33 32 33 34 30
26 30 35 31 30 35
23 28 27 28 33 32
2 3 8 4 8 7
35 31 26 30 31 26
9 10 9 5 6 11
34 29 25 30 34 33
14 10 15 20 24 23
13 8 4 8 3 8
23 28 24 23 28 33
18 19 20 25 29 25
18 23 28 27 28 33
29 25 26 25 29 30
2 7 3 8 13 8
26 22 17 16 17 13
4 8 7 11 10 5
5 9 5 6 2 3
15 20 16 17 22 17
21 25 30 29 30 25
11 12 16 20 15 10
35 31 35 31 30 35
23 28 27 28 33 32
19 24 20 19 24 28
21 20 25 29 25 26
5 10 14 10 9 5
6 2 6 11 7 6
30 34 30 31 35 30
24 20 15 20 24 19
2 3 2 3 2 6
24 19 14 10 15 19
23 18 23 28 24 28
35 30 26 22 17 22
28 24 23 24 28 27
1 0 1 0 5 6
11 6 5 10 5 0
20 21 20 24 19 24
8 12 17 16 12 8
7 8 3 7 3 7
8 13 12 8 7 8
20 15 19 24 19 18
31 35 30 31 30 35
24 19 15 19 24 20
21 22 26 22 21 25
21 25 20 25 20 21
10 15 19 20 25 26
8 4 8 13 8 3
4 8 7 3 8 3
34 29 34 33 32 33
25 29 25 21 22 17
3 7 3 7 2 6
16 11 10 5 1 0
13 17 16 20 15 10
1 5 9 5 6 7
33 32 33 28 23 24
19 14 19 20 16 11
26 30 26 22 21 20
22 26 30 35 31 30
11 10 5 9 5 9
13 17 13 17 13 12
17 16 20 15 10 5
1 5 10 14 19 15
26 25 26 30 35 31
10 5 1 5 1 5
14 19 24 19 20 25
5 6 5 9 5 9
25 20 19 24 20 19
28 27 28 23 18 19
24 28 23 24 19 14
6 11 6 11 6 11
31 30 29 30 31 30
8 12 17 13 8 12
8 13 17 22 26 31
0 5 6 7 2 3
24 28 33 34 30 25
15 10 11 16 17 12
3 2 7 12 8 12
14 19 20 24 20 19
5 1 0 5 10 5
32 33 32 33 34 29
4 8 4 8 3 8
7 12 11 10 11 7
35 31 35 31 26 30
20 21 22 21 20 16
0 5 1 5 10 11
27 28 24 19 24 20
24 20 25 21 20 19
27 28 23 18 23 24
26 25 29 30 35 30
32 33 34 33 34 29
8 4 8 13 17 16
27 28 24 28 24 28
6 11 16 20 16 12
15 10 15 10 9 5
4 8 4 8 3 2
29 25 20 15 20 24
4 8 4 8 7 11
18 19 24 20 15 20
5 9 10 11 12 11
33 28 24 23 24 19
11 6 7 2 3 2
5 10 9 10 5 0
29 30 34 33 34 29
22 26 25 20 24 23
23 18 23 28 24 19
3 8 4 8 4 8
26 25 26 31 35 30
4 8 3 2 6 5
26 22 26 22 17 13
1 5 6 5 0 5
17 12 17 16 20 21
9 5 1 0 5 0
20 21 22 26 31 26
32 33 32 33 32 33
31 26 31 26 22 17
5 9 10 9 5 1
25 29 34 30 31 35
30 34 29 25 20 16
8 7 2 6 2 3
2 7 8 13 17 16
10 5 9 5 0 1
24 28 24 19 14 10
30 34 33 34 30 35
5 6 2 6 7 11
1 5 0 1 0 1
1 0 5 6 7 6
20 19 20 19 20 15
31 26 25 26 25 29
27 28 33 32 33 34
29 30 34 29 30 29
22 17 22 26 22 26
9 5 6 7 12 11
8 3 7 6 7 12
28 23 28 24 19 15
24 28 24 23 18 23
20 21 25 26 30 35
27 28 33 28 33 28
19 14 19 15 20 16
30 26 31 30 25 29
22 17 13 12 11 7
6 2 3 8 3 8
26 22 21 22 21 25
3 7 2 3 8 13
19 24 20 21 20 19
24 19 18 19 15 19
9 10 14 10 15 20
21 20 21 25 29 30
26 25 20 19 24 28
29 25 30 31 30 26
7 11 12 16 20 19
11 12 7 11 6 5
13 12 13 8 7 8
33 28 23 24 28 33
22 17 22 21 25 30
30 31 26 22 21 22
7 11 7 6 2 3
16 12 13 17 22 17
12 16 11 10 15 10
35 30 31 30 25 29
34 30 31 26 30 26
11 12 8 13 17 16
33 34 29 30 34 30
35 31 26 30 31 35
27 28 33 32 33 32
0 1 5 9 5 0
8 12 8 4 8 3
30 26 22 21 20 15
28 27 28 27 28 24
7 12 11 7 12 13
13 17 16 11 6 5
32 33 32 33 28 27
21 20 19 20 21 22
5 0 5 1 5 0
13 12 7 2 6 11
0 1 0 1 5 9
6 2 3 2 7 3
24 28 33 32 33 34
20 25 26 30 31 35
23 18 23 28 27 28
15 10 11 12 17 12
11 7 6 5 10 14
2 6 2 3 2 3
27 28 33 32 33 32
27 28 33 28 33 34
13 8 3 8 7 8
27 28 23 24 20 25
22 26 25 20 21 25
10 14 10 11 10 14
9 5 0 1 5 0
15 19 18 23 24 19
21 22 26 31 30 34
6 2 3 2 7 2
27 28 24 19 20 19
12 13 12 13 8 3
22 21 20 19 18 23
6 11 12 16 20 24
31 26 22 26 30 34
12 11 6 5 1 0
23 24 19 24 19 24
8 13 12 7 3 2
20 19 15 20 24 28
27 28 33 28 33 32
25 26 22 26 22 26
33 32 33 28 27 28
4 8 4 8 12 16
4 8 7 11 6 11
7 2 7 11 7 6
2 7 8 13 17 16
5 0 5 0 1 0
29 34 29 25 30 31
33 34 30 26 31 35
25 21 25 20 15 20
10 14 19 24 20 19
32 33 32 33 32 33
21 20 16 12 8 13
18 23 24 19 14 10
29 30 25 30 25 30
30 25 20 24 28 27
20 19 24 23 18 23
3 8 3 8 13 8
7 3 8 12 16 17
27 28 33 28 33 34
31 26 31 35 30 29
6 11 6 2 7 12
12 8 13 12 17 22
19 14 10 9 5 1
26 30 34 29 30 34
3 7 2 3 8 13
20 19 24 19 15 10
24 20 15 20 25 30
23 24 20 15 10 9
24 20 24 23 24 19
14 10 11 7 2 7
6 7 6 2 6 7
20 16 11 12 8 13
15 20 16 20 24 23
7 6 2 7 2 3
28 24 23 28 33 28
26 22 26 25 30 31
21 20 21 20 21 22
19 24 19 14 10 5
5 10 11 16 20 21
2 7 11 16 11 12
7 2 3 7 2 6
10 9 10 5 9 5
1 0 1 0 1 5
29 34 29 30 31 26
34 30 35 31 26 30
28 33 34 29 30 35
2 6 5 6 2 3
6 2 7 12 11 12
11 6 11 6 5 0
28 23 28 27 28 27
26 25 29 30 26 25
14 19 14 10 14 10
2 3 8 12 17 16
25 29 30 25 29 30
21 25 30 31 26 22
21 20 25 20 15 19
32 33 28 24 19 18
29 30 26 22 21 25
31 26 31 26 31 35
14 10 9 10 14 19
20 16 20 15 19 15
35 30 26 22 26 30
31 26 30 25 29 30
0 5 10 9 10 15
29 34 30 29 34 33
16 20 21 25 21 20
20 19 18 23 18 23
20 15 19 18 23 28
22 17 22 21 20 21
35 31 26 22 21 22
33 28 27 28 23 18
35 30 25 21 25 26
32 33 34 33 34 29
6 7 11 10 11 16
30 29 25 20 24 19
5 6 7 8 12 11
11 16 11 12 7 3
15 20 15 19 20 15
16 12 16 11 16 20
11 7 2 6 7 12
21 22 26 25 20 16
27 28 27 28 27 28
23 24 28 24 23 24
14 19 15 19 15 10
23 28 27 28 33 32
35 30 25 26 22 21
13 17 16 17 12 7
32 33 32 33 32 33
16 17 22 26 30 26
13 17 16 11 12 13
29 30 35 31 35 31
20 21 22 17 16 20
26 25 30 34 29 25
1 0 1 5 1 0
1 5 9 10 15 19
20 19 20 15 20 16
34 30 29 30 26 22
33 32 33 28 27 28
7 6 7 8 4 8
14 10 14 10 9 10
27 28 24 23 28 24
16 11 16 12 16 20
17 22 21 25 21 22
32 33 34 29 34 29
20 25 26 31 30 35
8 3 2 6 2 3
20 15 10 9 10 14
3 7 3 2 7 8
8 13 12 17 13 17
29 30 25 20 15 20
33 34 33 34 30 31
32 33 32 33 34 30
5 10 11 7 11 7
5 9 10 5 9 10
34 29 34 29 30 29
33 28 33 28 33 34
30 26 31 26 22 21
9 10 15 20 25 30
24 28 24 23 18 23
12 11 6 11 10 9
19 14 19 24 19 15
20 21 20 19 24 23
27 28 23 18 19 20
35 31 26 31 35 30
11 10 15 10 5 6
3 7 6 5 0 1
21 25 30 26 30 29
9 10 5 10 14 19
1 0 1 0 5 1
29 25 21 22 26 31
5 1 5 1 5 9
4 8 3 2 7 3
6 2 6 7 6 5
16 11 6 11 7 12
0 1 0 1 5 6
25 20 24 19 24 19
10 9 5 9 10 15
25 20 21 25 26 31
2 7 12 8 13 12
13 12 8 3 2 7
28 27 28 23 18 23
10 5 10 14 19 15
30 25 20 15 10 11
7 2 6 7 6 7
8 12 16 20 25 26
2 7 12 7 11 10
34 30 29 25 30 35
25 21 20 25 26 22
33 32 33 32 33 32
29 34 30 34 29 25
21 25 20 19 18 23
26 22 26 25 26 30
16 12 16 12 17 13
3 8 7 6 2 7
4 8 12 11 7 12
25 20 25 21 22 26
24 23 18 23 18 19
7 12 16 20 21 25
31 35 31 26 22 17
17 13 17 22 26 31
29 25 29 25 30 29
14 19 15 19 14 10
27 28 24 19 18 23
34 29 34 29 30 35
21 25 21 25 26 31
34 30 25 20 15 20
22 21 25 21 22 26
23 24 28 33 28 27
7 8 12 11 12 17
34 30 25 29 34 29
15 20 24 23 28 23
2 6 7 11 10 5
8 12 13 17 22 21
28 24 23 28 24 19
5 0 1 0 5 1
15 20 21 20 16 20
27 28 24 23 24 23
33 28 33 34 29 30
5 9 10 14 19 20
33 32 33 34 29 25
25 21 25 30 31 30
29 34 33 34 30 31
3 2 7 8 7 8
30 35 31 35 31 35
32 33 32 33 34 33
30 26 31 35 31 30
14 10 5 9 5 0
10 5 0 1 5 9
25 20 21 20 24 23
19 14 10 5 9 5
15 20 16 17 12 16
28 27 28 24 28 24
30 34 30 35 31 35
24 23 18 19 14 10
28 23 18 23 28 24
8 7 2 7 3 8
23 24 23 28 27 28
16 12 7 6 7 6
11 6 11 6 2 6
1 0 5 0 5 6
0 5 9 10 15 10
3 8 3 2 6 5
7 8 12 16 17 22
35 30 26 25 30 34
29 34 30 35 31 35
21 25 20 15 19 20
33 34 33 28 24 19
35 31 35 31 35 31
32 33 34 29 30 25
24 28 23 28 24 28
2 7 2 6 2 6
2 7 6 7 3 8
33 34 29 25 30 31
24 23 28 23 24 28
0 5 9 5 0 1
15 10 9 10 9 5
16 12 7 8 4 8
17 16 17 13 17 22
13 17 16 17 13 17
8 12 7 2 7 3
30 26 30 29 30 31
24 23 24 28 23 18
3 8 12 16 17 12
8 12 13 17 13 8
27 28 23 28 24 23
11 16 20 25 21 25
28 23 28 27 28 24
8 4 8 12 13 8
10 14 10 14 19 20
23 24 23 28 27 28
19 18 23 18 23 24
25 26 31 26 22 26
20 24 23 24 19 14
11 7 2 3 8 13
32 33 34 33 28 27
29 30 31 26 22 17
20 24 23 28 23 28
6 11 10 5 6 7
0 1 5 10 15 20
12 8 4 8 12 13
0 5 6 11 7 2
16 17 13 8 7 8
25 21 20 16 12 17
6 2 3 7 3 8
16 17 12 17 22 21
12 11 7 6 7 8
35 30 31 35 31 26
17 22 26 31 35 30
31 35 30 34 29 30
27 28 24 19 15 19
14 19 14 10 11 12
23 24 23 18 23 24
20 21 20 16 11 10
17 16 20 21 25 20
0 1 5 10 5 0
9 10 9 5 0 5
14 19 20 25 20 24
28 23 18 23 28 23
33 32 33 32 33 34
35 31 35 31 26 22
1 5 10 9 5 1
29 30 29 34 33 32
24 20 25 29 25 26
3 8 7 11 7 2
3 2 6 11 7 6
2 7 6 11 12 7
30 29 30 31 26 31
14 10 14 10 9 5
17 22 17 12 16 12
4 8 12 11 10 5
6 7 3 7 11 10
20 16 11 7 2 7
18 19 14 10 14 10
9 10 5 9 5 9
22 26 31 30 35 31
14 10 5 1 0 5
24 28 27 28 24 20
35 30 31 35 31 30
16 11 10 14 10 9
33 32 33 34 29 25
23 28 24 20 21 20
9 5 9 10 15 10
25 26 31 30 29 30
5 1 0 1 5 1
22 26 22 17 12 11
3 2 6 11 10 14
25 30 34 33 32 33
25 21 22 26 31 26
31 26 25 29 34 33
1 0 5 10 14 10
18 19 14 10 15 20
0 5 9 5 0 1
26 30 29 30 34 29
32 33 28 24 28 33
35 31 26 25 20 16
5 9 5 0 5 1
35 31 35 30 29 30
34 33 34 33 32 33
12 16 11 16 12 11
15 20 21 25 26 30
13 12 8 3 2 6
7 12 16 17 12 13
3 7 3 2 7 6
18 19 20 25 30 34
19 14 10 11 6 2
34 30 35 30 31 26
8 4 8 12 16 11
6 11 6 2 6 11
14 10 14 19 14 10
25 20 15 20 25 30
12 11 7 11 6 11
27 28 27 28 24 20
29 25 21 25 20 25
15 10 11 7 11 7
12 8 12 8 12 16
18 23 18 23 24 19
17 12 8 7 6 11
0 1 5 1 5 0
25 20 21 22 17 22
35 31 35 31 35 30
31 30 25 26 31 35
29 30 31 30 25 30
14 19 15 19 20 24
5 6 11 12 16 11
15 10 9 5 1 0
34 33 34 30 34 30
20 21 20 19 18 19
8 13 17 16 11 6
27 28 24 23 28 23
5 0 5 10 5 10
15 10 15 20 15 10
31 30 29 25 21 25
24 23 18 19 14 10
32 33 32 33 32 33
6 5 6 2 7 12
19 18 19 24 28 23
3 2 7 2 7 2
20 19 24 23 18 23
5 1 0 1 5 6
35 30 25 26 31 30
24 20 21 25 29 25
26 22 17 13 8 12
11 7 2 6 7 2
0 1 5 9 5 9
29 34 33 32 33 28
7 2 3 7 6 7
21 25 20 21 22 21
26 30 29 30 29 25
32 33 28 33 34 33
15 20 21 20 19 18
25 26 25 21 22 26
23 28 33 32 33 28
33 32 33 32 33 34
2 7 2 3 7 3
6 5 10 15 20 25
4 8 12 7 11 10
35 30 26 30 35 30
24 19 20 15 19 18
32 33 32 33 32 33
13 12 7 3 7 6
28 24 28 24 28 33
26 25 21 25 26 31
9 5 6 2 7 6
21 22 21 20 21 20
22 17 16 12 13 8
35 31 26 25 20 19
12 17 16 11 12 7
1 5 10 11 6 2
23 24 23 24 28 24
28 27 28 24 28 33
34 29 34 30 35 31
30 26 22 17 22 17
4 8 4 8 4 8
21 25 30 29 30 29
3 2 3 7 3 7
21 20 19 18 23 18
27 28 27 28 24 19
30 34 33 34 29 34
5 6 11 6 2 3
14 10 11 10 9 10
2 6 11 7 12 13
12 13 12 17 16 20
10 15 20 16 12 7
31 26 25 20 16 17
33 34 30 25 29 34
26 22 21 20 19 20
12 8 4 8 7 2
30 29 34 33 32 33
21 25 26 31 30 35
22 17 13 17 16 17
20 19 15 10 15 19
12 13 17 13 17 16
13 12 7 12 11 16
29 30 34 30 26 30
24 28 27 28 27 28
30 34 33 32 33 34
5 6 5 0 5 9
2 3 8 13 17 13
4 8 13 17 16 20
6 2 3 2 3 7
32 33 28 33 34 33
9 10 14 19 15 19
21 20 21 22 21 20
23 28 33 34 30 35
12 7 12 13 8 4
18 23 28 23 18 19
34 30 34 30 31 35
17 22 26 25 26 30
34 33 34 33 34 30
0 1 5 6 7 11
8 4 8 4 8 13
26 25 26 22 26 31
30 25 20 15 20 21
8 13 12 11 12 16
6 7 11 6 2 7
1 5 9 5 1 5
9 10 14 19 15 20
26 22 21 20 25 26
2 3 8 4 8 3
14 10 14 19 18 19
22 26 30 31 35 30
13 12 13 8 3 7
11 12 8 3 2 3
32 33 32 33 34 29
21 25 30 29 25 30
17 12 11 12 16 20
20 21 20 16 17 16
15 19 14 10 15 20
34 29 25 29 30 31
4 8 3 2 7 3
35 31 35 30 25 20
26 25 29 25 20 15
14 10 15 19 14 19
34 30 25 20 21 25
35 31 35 30 31 35
19 18 19 14 10 14
20 19 15 20 19 15
30 35 31 30 29 25
26 25 26 22 21 20
8 13 17 16 20 25
32 33 34 33 28 27
22 21 25 21 25 21
2 7 11 7 12 7
3 8 7 12 17 13
15 19 20 25 20 15
13 12 8 7 3 2
23 24 23 28 27 28
0 1 5 6 2 7
11 6 2 3 7 12
4 8 7 12 11 16
12 8 4 8 13 12
18 19 24 19 20 21
13 8 4 8 4 8
23 18 23 18 23 24
23 18 23 18 19 24
22 26 22 21 25 21
26 31 30 31 30 25
0 1 5 10 11 12
1 0 1 0 5 9
1 5 0 1 0 5
31 26 31 26 25 21
26 31 30 25 30 35
13 8 12 11 12 17
17 22 26 22 17 13
25 21 20 16 12 13
23 28 24 20 24 20
6 2 7 6 7 2
30 34 29 30 29 34
9 5 10 15 20 15
5 9 10 14 10 11
16 20 25 21 25 20
5 1 5 6 2 3
30 31 30 31 35 31
3 7 12 16 20 15
11 6 11 16 11 6
28 23 18 19 20 16
15 10 9 10 14 10
16 17 12 8 4 8
33 32 33 32 33 32
17 16 12 13 12 13
9 10 11 7 6 7
17 16 11 12 8 3
19 15 19 24 23 18
32 33 32 33 32 33
26 22 21 20 19 18
18 19 24 20 25 26
1 5 10 15 19 14
23 28 33 28 33 28
1 0 5 10 9 10
31 35 31 26 22 21
16 17 22 21 22 26
20 15 20 24 19 18
26 31 30 29 34 33
7 6 7 6 7 12
5 0 1 0 5 6
14 19 24 19 15 10
19 14 19 18 23 24
8 3 8 13 12 11
8 3 7 8 12 11
3 2 6 7 6 11
0 5 9 10 5 6
9 5 9 5 9 5
10 9 10 15 20 16
10 9 5 10 11 16
10 9 5 0 5 9
4 8 13 17 22 26
12 17 12 13 17 13
0 1 0 5 9 5
35 31 30 34 33 28
17 13 8 7 3 7
2 3 7 12 17 12
25 29 34 30 29 34
30 35 30 31 35 30
9 10 9 10 14 19
31 30 34 33 28 24
7 6 2 6 11 7
1 0 1 0 1 0
6 7 8 4 8 7
28 27 28 27 28 33
22 17 12 11 16 20
10 11 16 11 12 17
23 18 23 24 20 25
20 21 25 30 25 21
21 22 21 25 30 26
28 27 28 27 28 23
15 20 19 14 10 15
35 30 31 30 25 20
6 11 12 13 12 13
20 24 20 21 20 16
2 3 8 4 8 7
7 6 2 7 3 2
25 26 22 17 12 11
12 11 16 17 13 8
11 16 17 12 7 6
32 33 34 29 25 26
2 6 7 12 17 22
35 30 25 26 30 29
23 28 23 24 19 20
8 3 2 6 7 12
28 33 34 33 34 30
3 8 3 2 3 2
12 8 13 17 22 17
11 6 7 6 7 3
11 10 15 10 9 5
6 7 8 13 12 11
25 30 26 30 29 34
7 8 3 7 6 5
16 17 22 26 30 26
23 18 19 24 28 23
35 30 26 31 30 29
15 20 15 20 16 17
17 12 7 12 7 11
13 8 13 8 3 2
1 5 0 5 10 15
3 7 2 7 6 2
20 15 20 16 12 16
30 25 30 35 30 31
29 34 29 34 30 31
7 3 8 4 8 13
27 28 24 23 18 19
22 26 22 17 22 26
23 18 23 24 23 28
2 6 5 1 5 9
14 10 15 19 24 28
7 6 5 10 14 19
14 19 20 21 22 26
4 8 7 3 8 13
23 18 23 24 20 19
14 19 20 21 20 24
26 22 21 25 21 22
0 5 10 15 20 24
27 28 23 18 23 28
4 8 3 8 4 8
9 10 9 5 1 5
3 7 6 2 6 11
24 19 14 19 18 23
26 25 21 20 24 20
24 19 18 19 14 10
33 32 33 32 33 28
16 11 16 17 13 17
33 28 24 20 21 22
18 23 18 23 28 33
15 19 15 20 21 25
20 25 20 19 15 19
30 25 26 25 30 29
29 25 30 25 26 30
19 20 19 14 19 20
9 5 10 9 10 15
16 12 11 10 11 7
10 11 12 11 16 20
8 7 12 7 2 7
1 0 1 5 6 7
34 29 25 20 24 20
7 2 7 6 5 1
5 6 5 1 0 1
24 19 20 16 20 19
20 25 30 31 26 25
12 17 22 21 25 21
18 23 24 28 23 28
9 10 11 6 5 9
8 4 8 7 8 3
23 18 19 24 20 15
11 7 3 8 3 8
9 5 0 5 10 15
6 2 3 7 12 13
28 27 28 23 28 24
27 28 23 18 19 18
10 14 10 9 10 5
26 25 29 34 33 28
2 3 7 12 16 11
26 31 35 30 29 30
24 28 27 28 27 28
4 8 12 16 17 16
17 13 8 3 8 13
4 8 7 3 2 7
10 11 10 11 10 9
1 5 1 5 10 9
26 31 26 22 21 20
1 5 9 10 5 6
19 20 25 30 31 26
25 21 25 26 30 34
33 34 30 31 35 30
2 3 2 3 8 13
5 0 5 0 1 5
15 19 18 23 28 33
8 13 12 17 13 12
23 24 20 24 20 25
34 29 34 29 30 26
12 7 2 7 11 12
29 30 26 22 17 22
34 29 30 25 29 25
2 7 2 7 3 2
31 30 34 30 25 20
2 7 8 3 2 7
27 28 23 24 19 15
9 5 1 5 1 5
34 29 30 35 31 30
32 33 34 30 25 26
17 22 17 22 17 16
1 5 10 15 10 5
16 12 17 12 7 6
1 0 5 1 0 5
10 11 6 7 3 2
9 5 0 1 5 0
28 24 20 16 17 22
7 3 7 6 2 7
1 5 6 5 0 1
19 14 10 11 12 8
24 20 25 29 34 29
9 5 6 2 3 7
4 8 13 17 22 21
14 19 15 10 5 10
5 9 10 15 20 24
35 31 35 30 26 22
7 8 12 8 12 8
12 8 3 2 6 7
29 30 26 30 25 30
2 7 6 11 12 13
31 35 31 35 30 35
20 25 30 29 25 29
31 26 25 30 26 30
19 18 23 18 23 28
8 3 2 7 2 3
1 5 9 10 9 5
16 12 11 12 8 7
23 18 19 20 19 15
6 5 6 7 2 6
3 2 3 7 6 11
11 12 11 16 12 11
10 15 10 11 7 11
15 20 24 20 15 10
2 7 3 7 8 12
23 28 23 24 28 33
16 20 24 28 24 19
5 1 5 10 14 19
35 31 26 30 34 30
21 25 26 31 26 22
12 11 12 11 16 12
15 10 15 10 14 10
21 20 21 20 15 20
14 10 5 0 1 0
18 19 14 10 11 12
1 5 6 5 10 9
30 34 33 34 30 26
2 3 2 6 7 12
28 33 32 33 32 33
30 35 31 30 26 25
21 25 21 20 25 29
12 7 2 3 7 12
24 23 18 23 28 27
30 34 29 30 35 31
19 24 28 33 34 30
20 15 20 24 19 18
21 25 20 15 10 9
26 30 29 25 20 16
35 31 30 26 22 17
12 8 13 8 3 8
34 30 35 30 25 26
15 19 20 16 12 11
1 5 10 14 10 5
13 17 13 12 13 17
24 23 18 19 24 23
24 23 18 19 18 23
17 13 12 8 7 11
0 5 0 1 5 6
29 34 30 25 30 35
7 11 16 12 7 12
21 22 21 22 26 31
2 3 2 3 7 12
15 10 11 10 5 9
19 15 19 24 19 20
0 1 5 10 14 10
8 3 8 4 8 3
24 19 24 28 23 28
17 12 11 6 2 6
16 12 8 12 8 7
23 18 23 28 24 28
32 33 34 29 34 29
6 7 12 11 12 16
20 15 19 24 19 24
20 25 26 31 30 34
11 10 15 10 5 10
30 35 31 26 25 30
12 7 2 3 2 3
10 9 5 9 5 10
7 8 7 6 2 7
30 34 33 34 33 32
20 16 11 12 16 12
24 23 18 19 24 23
35 31 35 31 26 25
10 15 10 14 19 24
21 22 17 12 16 11
32 33 32 33 32 33
8 3 8 4 8 4
23 24 19 18 23 18
13 12 13 17 13 17
8 13 12 13 8 12
31 35 30 25 26 25
0 5 0 1 0 5
0 1 0 1 5 10
5 10 9 5 0 1
19 18 23 24 23 24
7 3 7 12 13 8
2 6 5 6 7 11
34 33 28 33 34 30
14 10 9 5 10 5
18 23 28 27 28 27
26 31 35 30 34 29
5 1 5 9 10 11
14 19 18 19 20 16
22 26 30 35 31 30
19 15 19 24 23 18
7 11 7 11 12 16
20 16 12 17 12 7
8 4 8 3 8 13
27 28 24 23 28 33
35 31 26 31 30 26
10 5 6 11 10 9
1 5 6 11 16 20
9 5 10 15 19 18
28 33 28 23 24 19
25 20 16 20 16 17
11 12 7 3 2 6
21 22 26 22 17 13
21 25 21 20 21 25
18 23 28 33 34 30
32 33 28 23 28 27
11 10 9 10 9 10
9 5 0 5 10 15
18 23 28 33 34 30
35 30 26 22 26 31
4 8 12 11 7 2
3 2 6 7 6 7
17 16 12 7 11 12
6 5 1 5 9 5
8 12 17 16 20 24
31 30 34 30 25 29
29 25 20 16 17 22
35 30 25 20 19 24
3 7 8 7 3 2
35 30 34 30 35 31
21 20 19 20 24 19
15 10 15 20 24 20
8 7 6 2 6 5
16 17 22 21 25 26
25 26 22 17 22 21
30 31 26 31 35 30
28 33 28 23 28 24
20 24 28 23 28 33
2 6 5 6 11 16
1 5 10 11 12 11
26 30 34 33 28 33
28 23 24 28 23 24
31 35 30 34 30 35
30 31 26 31 30 26
12 13 17 22 21 22
1 0 1 0 1 5
26 25 20 24 23 18
7 11 10 14 10 14
14 10 9 10 11 6
12 16 12 17 13 12
25 30 25 21 25 30
25 29 30 31 35 31
17 16 12 16 11 10
20 21 22 17 13 12
9 5 6 7 6 2
31 30 34 33 34 33
26 25 20 19 14 19
4 8 3 2 7 3
15 10 11 7 8 7
5 1 5 0 1 0
6 7 6 2 7 3
25 20 15 10 5 10
5 10 11 6 11 12
32 33 34 30 29 25
29 30 29 34 29 34
27 28 33 32 33 34
26 22 17 22 26 25
16 17 12 16 20 24
15 20 21 20 16 12
4 8 3 7 6 5
20 25 30 34 29 30
3 8 4 8 3 2
29 30 26 25 29 30
24 20 21 22 26 30
16 11 7 12 17 16
11 16 11 7 3 8
4 8 7 12 11 16
12 16 17 16 20 19
32 33 28 23 18 19
19 20 24 20 25 30
4 8 13 12 11 10
30 31 30 25 30 35
6 11 10 5 10 14
19 20 16 12 11 16
3 2 7 11 6 2
9 5 6 2 7 11
28 24 19 14 10 14
30 35 31 30 25 30
18 19 15 20 16 12
19 15 20 24 23 24
14 19 14 19 18 23
14 19 15 20 24 28
21 20 19 24 20 19
10 15 19 14 10 9
8 4 8 7 3 8
29 34 30 35 31 35
33 34 29 30 26 30
32 33 32 33 28 24
25 20 16 20 24 28
9 10 9 10 5 9
12 16 20 25 30 34
30 25 29 25 29 25
33 32 33 34 33 32
10 9 10 14 10 14
32 33 32 33 34 29
33 28 23 28 23 28
12 13 12 16 20 21
31 35 30 26 30 26
34 33 34 33 32 33
22 26 22 21 22 17
5 0 1 0 1 0
31 30 26 30 26 22
16 11 12 8 4 8
14 10 9 10 9 5
28 33 34 30 25 30
9 5 1 0 5 9
7 6 2 6 5 9
29 34 30 29 34 30
9 5 10 14 19 18
24 20 16 20 25 30
28 33 32 33 32 33
4 8 4 8 7 2
2 6 5 10 9 10
9 5 9 10 11 6
3 7 12 16 11 12
24 23 18 19 15 10
10 14 19 14 19 18
9 10 14 19 20 16
20 16 20 24 28 24
12 16 20 16 17 22
10 11 7 6 2 6
15 10 11 7 8 7
24 28 33 32 33 34
32 33 28 33 32 33
33 28 23 28 27 28
29 34 29 30 34 30
6 5 10 14 19 14
15 20 15 20 19 20
17 22 17 13 17 22
34 33 28 24 19 18
26 25 20 24 23 28
31 35 30 29 25 20
2 6 2 3 8 7
8 12 7 6 11 12
11 16 12 17 22 26
27 28 24 28 23 18
26 25 21 25 21 25
4 8 3 8 12 17
28 33 32 33 32 33
27 28 33 32 33 34
14 19 20 16 11 16
26 25 21 22 21 20
22 26 22 26 30 29
34 30 26 22 17 13
4 8 3 7 8 12
1 5 0 5 9 10
15 10 15 10 5 6
2 3 8 4 8 13
16 20 16 12 16 11
24 20 15 20 25 20
10 14 10 5 9 5
6 5 0 1 5 6
18 19 24 23 24 23
8 3 8 4 8 3
33 34 29 30 26 31
3 2 3 2 7 3
17 22 26 31 35 30
3 8 3 8 12 13
33 28 24 19 20 24
25 29 25 21 22 17
8 12 13 17 13 12
3 7 12 11 7 6
0 5 0 1 5 10
8 3 2 7 3 8
30 29 30 25 30 31
9 10 15 10 11 6
34 29 30 31 26 30
16 12 16 20 25 21
34 33 34 30 25 20
20 25 20 24 19 14
30 25 20 16 20 25
13 8 13 12 13 8
9 5 0 5 1 0
16 20 15 19 14 19
28 27 28 23 24 23
15 19 18 23 28 33
33 32 33 34 30 25
4 8 4 8 4 8
19 20 19 15 19 20
7 11 16 17 22 17
7 2 7 2 7 2
20 24 20 19 24 28
4 8 4 8 3 8
28 27 28 33 34 30
0 1 0 1 5 0
6 11 10 15 19 20
34 33 34 29 34 30
1 5 9 5 9 10
20 15 19 18 23 28
25 20 16 11 6 7
18 19 15 10 5 9
3 2 7 3 8 13
1 0 5 6 2 3
14 19 14 19 24 19
24 20 21 22 21 25
2 3 8 13 17 22
28 33 28 27 28 24
28 27 28 27 28 24
9 10 11 6 5 10
19 24 23 24 23 24
17 12 16 11 6 5
15 20 21 20 21 20
13 8 13 8 12 7
5 0 5 9 5 9
14 19 15 10 14 10
13 12 13 12 17 12
16 12 7 12 17 22
31 30 29 30 25 21
33 32 33 28 23 24
11 7 3 8 3 7
5 0 5 10 15 19
6 11 7 8 13 12
35 30 35 31 26 30
11 6 7 3 7 12
29 30 26 22 17 12
31 30 31 26 25 26
23 18 19 15 20 24
19 18 23 18 23 28
11 7 11 12 7 3
26 25 21 25 30 26
30 35 30 35 30 35
25 20 24 19 24 20
11 6 7 11 7 11
3 8 4 8 12 17
26 31 26 30 31 26
29 34 33 34 29 25
24 23 28 33 32 33
30 35 31 26 30 25
3 8 13 8 12 13
14 10 5 6 2 6
29 25 26 25 21 25
5 6 7 12 16 11
12 7 3 7 11 6
30 25 30 29 34 30
5 10 14 19 15 10
15 19 20 24 19 20
17 16 12 17 16 20
2 3 7 12 11 6
34 30 25 29 25 29
34 30 29 30 25 21
27 28 27 28 27 28
5 0 5 0 5 0
14 19 14 19 18 19
20 21 20 16 17 22
23 18 23 18 19 15
11 16 20 19 24 23
10 9 10 15 10 14
31 26 25 29 30 35
33 34 33 32 33 28
34 29 34 29 30 29
16 12 11 7 12 16
19 15 20 15 20 19
20 19 20 24 20 16
19 20 24 23 18 19
6 5 0 5 10 9
21 25 29 30 26 25
3 7 8 12 13 17
29 34 29 30 26 25
7 8 4 8 4 8
8 7 12 16 11 16
24 19 24 23 28 33
22 17 22 21 25 20
17 16 11 16 11 12
11 10 9 5 6 5
2 3 7 8 13 17
22 26 31 30 34 30
20 24 23 28 23 24
10 11 12 8 3 2
5 10 11 12 11 6
28 23 18 23 18 19
35 31 26 31 30 34
3 8 4 8 3 7
8 3 8 7 8 3
8 7 6 7 12 11
5 1 5 0 1 0
0 5 10 5 0 1
13 12 7 12 7 12
30 31 26 31 35 30
32 33 28 23 18 19
31 35 31 35 30 26
14 19 15 20 16 17
11 6 11 6 2 3
16 20 21 25 21 25
20 21 25 21 22 21
2 6 11 6 5 10
6 7 3 7 6 5
35 31 26 22 21 20
8 12 7 2 6 11
23 24 23 24 23 24
23 28 24 19 24 28
11 12 11 6 2 6
10 5 6 7 2 7
29 25 29 34 29 25
22 26 22 21 25 29
6 11 16 12 11 10
34 33 32 33 34 30
6 5 0 1 0 1
16 11 6 5 9 5
3 2 7 11 12 8
2 3 7 12 17 22
6 2 7 12 16 12
25 26 31 30 29 30
0 5 1 5 1 5
22 17 16 17 13 12
4 8 3 8 12 17
19 15 10 15 10 9
30 25 30 34 33 32
17 12 17 13 17 22
28 27 28 23 28 27
7 12 16 11 6 7
7 12 13 8 12 16
17 13 8 7 8 7
9 5 6 2 6 11
35 30 31 26 22 26
17 13 8 7 11 10
10 5 9 5 10 5
35 30 25 21 20 24
21 25 29 34 30 31
2 6 11 12 7 8
16 20 21 22 21 20
18 23 18 19 20 24
30 31 26 25 30 35
10 14 19 15 20 16
35 30 25 20 21 22
31 26 31 30 31 26
5 9 10 11 6 11
5 10 15 19 20 21
3 7 6 5 1 0
6 7 11 6 5 9
2 3 2 3 8 3
32 33 32 33 32 33
16 12 7 3 2 3
21 20 21 20 21 22
12 11 12 7 11 16
32 33 32 33 28 33
8 3 8 7 3 7
12 8 12 17 22 21
9 10 15 10 15 19
7 8 12 16 20 24
24 19 18 19 15 19
32 33 32 33 28 23
8 4 8 7 12 7
30 29 34 29 34 29
3 2 3 7 6 5
16 17 22 17 16 20
26 31 30 31 30 34
26 31 30 25 26 30
19 15 19 20 15 20
26 30 25 20 19 15
4 8 12 13 12 11
15 19 18 19 18 23
16 20 21 20 15 20
22 17 16 17 22 26
3 2 3 8 13 12
8 4 8 7 11 12
2 3 7 8 13 17
17 22 17 16 11 12
17 22 26 30 25 29
25 20 15 20 25 20
3 8 7 11 12 16
0 5 6 5 0 5
13 17 13 8 12 13
16 12 7 11 10 14
27 28 24 19 14 10
5 10 14 10 11 6
34 30 31 26 25 20
16 17 16 11 10 15
6 7 6 2 7 6
8 12 8 3 2 7
34 29 30 25 21 22
7 2 7 8 3 7
18 23 28 27 28 33
18 19 14 19 18 23
31 26 31 26 22 17
18 19 24 28 27 28
3 2 3 7 3 7
24 19 18 19 24 23
13 17 16 12 7 3
8 7 12 11 7 12
20 16 17 12 8 12
35 31 30 35 30 25
29 30 29 25 26 22
3 7 12 17 13 12
5 10 5 6 7 3
19 14 19 18 23 18
13 17 12 7 6 7
9 5 6 7 11 7
32 33 32 33 32 33
20 25 26 25 20 15
29 30 35 30 35 30
35 31 35 31 35 30
14 10 14 10 11 6
7 2 3 8 13 8
18 19 20 21 20 15
11 6 7 2 7 8
19 24 23 18 23 28
19 18 23 24 23 24
28 27 28 33 32 33
34 29 25 21 20 24
7 12 8 3 7 8
24 20 16 11 16 12
27 28 33 34 33 32
13 12 7 12 13 17
0 1 5 9 10 5
10 14 19 18 19 24
22 26 22 17 16 12
1 0 5 9 10 15
17 16 20 19 24 23
26 31 26 31 26 25
23 28 24 28 27 28
10 5 9 10 14 19
14 19 18 19 15 20
14 10 9 10 11 7
9 5 9 10 15 10
0 5 0 1 5 1
19 14 10 15 10 5
16 11 6 2 7 11
6 5 9 10 15 19
0 1 5 0 1 0
12 17 22 26 22 17
20 25 30 29 34 29
24 20 16 12 13 12
13 12 8 4 8 7
19 14 19 15 19 14
4 8 3 8 4 8
18 19 20 19 14 19
11 16 12 16 17 12
2 7 6 11 10 14
27 28 33 32 33 32
15 20 16 17 13 12
25 21 20 24 19 18
10 5 10 11 16 11
35 30 25 29 30 31
29 30 25 26 25 21
15 19 20 16 12 8
17 13 17 13 8 12
29 34 29 34 33 32
23 18 23 28 27 28
18 23 28 33 32 33
29 25 20 25 30 35
17 12 8 12 7 2
21 25 30 34 33 32
4 8 13 8 4 8
16 20 16 11 6 2
2 6 5 10 15 10
33 32 33 28 23 18
14 19 20 21 22 21
19 20 21 22 21 25
19 18 23 24 20 24
5 1 5 0 1 0
20 16 20 16 11 12
29 34 29 25 20 19
18 23 24 23 24 19
15 20 25 21 20 24
26 22 17 22 21 22
15 10 9 10 11 6
3 2 7 2 3 7
10 11 6 11 6 2
24 23 24 28 27 28
20 25 26 31 26 25
0 1 0 1 0 1
20 24 19 18 23 18
22 26 30 31 30 31
33 28 23 24 19 24
5 6 2 3 8 13
18 23 24 19 20 21
3 2 3 8 4 8
35 31 30 35 31 35
35 30 35 31 35 30
29 34 33 32 33 32
25 30 25 26 22 17
8 3 7 11 7 6
25 21 20 15 10 14
23 18 19 20 25 26
16 11 6 7 6 11
24 23 24 20 24 28
28 23 28 23 18 19
25 26 22 26 22 17
6 7 12 13 8 7
10 5 9 5 9 5
7 12 7 6 5 9
30 29 25 20 24 20
18 19 18 19 18 23
10 15 10 14 19 18
23 24 20 19 14 19
26 22 21 25 30 35
26 31 30 34 33 28
7 8 7 8 12 11
30 31 30 29 30 26
23 18 23 28 23 28
11 7 8 4 8 13
5 6 5 6 7 8
6 2 6 11 16 20
11 7 8 12 13 12
5 1 5 6 5 9
15 19 24 20 19 14
27 28 33 34 29 34
34 29 34 29 30 34
10 5 9 10 9 10
1 0 1 0 1 5
1 5 10 15 10 5
8 13 8 12 8 13
27 28 23 28 33 34
2 7 6 5 10 14
29 25 29 25 20 21
12 8 7 2 3 2
18 23 18 19 18 23
0 1 0 1 0 1
21 25 21 22 21 25
4 8 12 11 6 5
34 29 25 21 22 17
19 18 19 24 23 18
30 34 30 35 31 30
35 31 26 31 30 35
16 17 16 11 16 17
28 23 28 33 28 27
10 14 19 24 28 27
3 2 6 7 6 7
29 34 29 30 26 22
30 34 30 31 26 22
34 30 34 30 26 25
23 18 19 14 10 11
19 18 19 14 19 20
19 18 23 24 28 23
27 28 33 28 23 24
4 8 7 6 11 10
28 23 28 24 23 18
13 8 3 2 7 6
6 7 6 5 9 5
4 8 3 8 7 3
7 2 7 3 8 13
23 18 23 28 24 23
20 19 24 19 15 10
32 33 34 29 34 29
20 21 20 16 11 16
7 8 7 3 2 7
17 12 11 16 11 7
5 1 0 1 0 5
29 30 35 30 25 30
33 32 33 28 27 28
7 12 16 12 11 12
26 22 21 20 25 29
23 28 33 32 33 34
14 10 11 10 11 7
23 24 28 23 24 19
12 16 20 25 30 31
11 6 11 7 8 7
15 20 15 19 14 10
29 34 30 31 26 31
35 31 30 31 30 29
0 1 5 1 0 1
16 20 15 10 14 10
6 5 10 15 19 24
12 16 12 7 2 7
28 27 28 24 19 15
34 30 25 20 19 18
32 33 34 33 32 33
10 11 6 7 6 2
18 23 18 19 14 19
18 19 20 16 12 8
16 12 16 11 10 5
25 29 34 33 28 23
32 33 32 33 34 33
6 2 3 7 8 13
16 20 24 20 16 17
11 12 7 12 7 3
17 22 17 22 17 16
0 5 9 10 9 5
5 6 7 12 8 13
12 13 12 8 4 8
27 28 24 19 14 10
12 13 17 16 20 16
5 10 15 19 15 20
11 12 7 2 7 8
22 17 16 12 11 16
26 25 26 22 21 25
21 20 16 12 11 12
4 8 3 8 12 11
33 28 23 28 24 28
24 20 16 12 16 11
17 12 16 11 6 2
21 25 20 15 20 19
2 3 2 7 8 7
9 10 5 0 5 1
32 33 32 33 28 27
5 10 11 10 11 16
5 10 14 10 14 10
25 26 30 31 30 26
1 5 0 1 5 6
7 12 17 12 17 12
9 10 15 20 21 22
0 5 1 5 6 7
16 11 12 11 7 6
27 28 23 18 23 18
8 12 8 4 8 3
28 27 28 24 28 33
3 7 3 7 6 11
35 30 34 29 30 26
23 18 19 18 19 24
9 10 9 5 0 1
22 21 25 30 29 34
4 8 3 8 12 13
11 10 11 16 12 11
34 33 28 33 34 33
8 4 8 3 7 6
16 12 17 22 26 31
20 21 25 29 34 30
2 6 2 6 11 12
2 3 7 11 12 11
31 35 31 35 30 25
17 12 17 16 17 12
9 5 9 10 14 19
30 31 26 22 26 30
31 30 29 30 25 21
24 28 33 34 30 26
18 19 24 20 19 14
6 5 6 11 10 9
29 25 20 21 22 21
13 8 3 7 11 10
25 21 25 20 24 28
14 10 11 12 8 12
16 12 17 12 8 3
17 16 11 12 11 16
30 26 25 20 21 20
29 30 29 25 30 31
20 21 22 21 25 29
17 16 12 13 12 16
2 3 7 8 12 8
7 12 8 4 8 4
30 29 25 30 29 25
1 5 10 14 10 5
27 28 33 32 33 32
2 3 2 6 2 7
33 32 33 34 33 34
34 33 34 30 35 31
14 10 11 6 11 7
17 13 12 13 8 13
33 28 24 20 15 20
6 11 6 2 3 2
0 5 10 9 5 10
23 24 28 23 28 33
17 12 11 12 17 16
20 21 25 20 24 28
29 30 34 30 34 33
3 7 11 6 2 7
1 0 1 5 1 0
17 12 16 17 16 17
9 10 15 20 25 30
4 8 13 8 4 8
9 10 14 19 18 19
10 14 19 15 10 9
1 5 0 1 0 1
24 19 14 10 11 7
27 28 27 28 33 32
11 6 5 9 10 9
33 34 30 35 30 35
11 12 16 11 16 17
7 2 7 3 7 3
20 25 26 25 29 30
3 7 8 3 7 11
31 30 34 33 32 33
3 7 6 7 3 8
23 18 23 24 28 23
31 35 31 35 30 29
25 21 20 16 20 25
20 15 20 16 11 7
13 17 22 17 22 21
13 8 3 2 7 8
9 10 15 19 24 19
9 10 5 6 5 6
5 0 5 1 5 1
32 33 34 29 34 29
14 10 5 6 5 9
30 25 29 30 25 29
13 12 7 3 7 2
14 10 14 10 5 9
3 8 13 8 4 8
7 11 12 17 22 21
33 32 33 34 29 30
10 5 9 10 15 20
9 10 9 5 6 11
33 34 33 28 24 20
25 26 31 35 31 26
0 1 0 1 0 5
33 28 27 28 24 28
21 25 30 34 33 32
13 12 8 13 17 12
33 34 33 28 27 28
32 33 32 33 34 33
14 19 14 19 24 20
23 18 23 24 19 24
35 30 26 30 26 31
6 2 3 2 3 7
26 31 26 31 26 30
12 17 22 17 16 12
16 17 13 8 4 8
3 2 3 7 11 6
28 23 24 23 18 19
28 23 24 23 18 19
28 23 18 23 28 33
32 33 32 33 34 29
32 33 28 23 24 19
10 14 10 5 0 5
11 10 14 10 15 20
17 22 17 12 11 7
3 7 2 7 11 10
22 17 12 7 3 2
6 5 1 5 1 0
15 20 21 20 19 18
35 31 35 31 30 25
18 23 24 19 18 19
28 23 24 28 24 20
33 28 23 24 20 15
13 17 22 26 22 26
14 19 24 23 18 23
6 2 3 7 6 11
26 22 21 22 21 25
14 10 14 10 11 6
32 33 32 33 34 29
27 28 33 28 24 19
22 21 20 15 20 19
32 33 28 33 32 33
27 28 24 19 15 10
22 26 31 26 25 30
29 25 30 34 33 28
12 16 17 12 13 12
28 24 20 16 11 16
1 5 10 15 20 21
26 25 21 20 25 20
21 20 15 19 15 10
12 13 12 16 11 16
3 2 6 5 9 10
31 35 30 29 34 30
22 21 25 30 29 34
20 19 14 19 18 23
22 17 13 17 22 26
20 25 30 35 31 35
3 2 6 7 11 16
11 10 15 20 25 29
34 29 25 21 22 21
6 2 6 11 6 11
7 3 7 3 7 3
12 13 12 8 7 11
11 10 15 19 18 23
33 28 27 28 23 28
22 26 22 26 31 35
25 26 30 25 21 25
4 8 13 8 4 8
19 24 28 33 34 29
15 19 18 19 24 28
29 34 29 30 25 30
12 13 12 8 12 7
7 2 3 8 7 8
15 19 15 10 14 10
8 3 7 6 5 0
7 11 6 7 12 17
20 24 28 24 23 24
11 16 11 10 15 20
21 22 17 16 12 11
14 10 11 10 5 0
28 24 20 15 19 24
12 7 3 8 4 8
4 8 4 8 12 11
34 33 34 30 34 33
19 24 28 27 28 24
6 5 9 5 9 5
29 30 29 34 29 34
27 28 24 28 24 20
32 33 28 24 20 15
9 10 11 10 5 1
10 11 10 5 1 0
13 12 13 17 13 17
26 30 31 26 30 25
26 25 30 35 30 26
31 30 35 30 26 30
14 10 14 19 18 19
24 19 14 19 20 19
7 2 7 2 6 5
29 30 34 33 34 29
19 24 20 21 25 29
8 4 8 4 8 12
14 19 14 19 15 10
18 23 28 23 18 23
7 6 5 6 5 10
34 33 32 33 34 29
18 23 18 19 14 10
8 13 12 16 17 22
15 10 11 7 12 8
25 20 25 20 16 11
21 22 21 25 20 19
20 25 21 25 30 34
6 7 3 2 6 5
10 15 10 14 10 14
16 20 24 20 25 29
29 30 29 25 26 22
11 10 5 10 5 10
27 28 23 24 20 16
12 8 7 11 7 11
31 30 31 30 26 31
24 19 15 19 24 20
31 26 25 21 20 25
16 20 19 24 19 15
18 23 28 24 20 19
30 26 30 34 29 34
17 22 21 25 21 20
17 16 20 24 28 33
30 34 29 25 26 31
2 6 11 10 9 10
32 33 34 30 26 31
25 20 19 20 21 22
15 20 16 17 12 13
25 21 22 21 22 26
15 20 25 21 20 16
5 9 10 15 10 5
9 5 1 5 10 9
2 7 8 4 8 3
29 25 26 31 26 25
0 1 0 1 0 1
29 30 25 29 25 30
13 12 13 17 16 20
5 9 10 15 10 9
13 17 22 17 16 20
24 28 33 32 33 28
23 24 20 21 25 20
33 32 33 28 27 28
23 24 28 23 28 24
30 31 30 34 30 31
33 34 29 25 29 25
34 29 30 35 31 30
14 19 18 23 28 33
3 8 3 8 13 8
11 16 20 16 11 16
13 12 13 17 13 17
33 34 30 35 31 30
2 3 7 6 11 12
21 20 15 19 24 28
19 14 10 14 10 9
3 7 12 16 17 13
35 30 34 29 34 33
1 5 6 2 7 8
4 8 12 17 13 12
20 19 20 15 19 24
6 2 3 2 3 7
13 8 12 16 17 13
2 6 5 1 5 0
20 24 20 19 14 19
12 7 8 3 2 3
15 19 14 19 15 19
10 9 5 1 0 1
16 20 16 20 16 17
30 29 34 33 32 33
29 30 31 26 22 26
13 17 13 8 13 8
15 10 14 10 15 19
27 28 23 24 23 28
4 8 3 8 4 8
27 28 23 24 19 20
16 17 16 17 12 7
28 23 24 28 33 32
10 11 7 11 6 5
8 12 16 12 11 12
22 17 13 12 8 4
14 10 9 5 0 1
29 25 20 25 29 34
20 21 22 17 16 11
7 8 12 17 22 17
21 20 16 20 19 15
6 11 16 11 7 8
31 30 29 30 29 30
2 7 8 13 17 22
20 19 15 10 9 5
12 13 8 13 8 4
5 10 5 10 15 20
9 5 0 1 5 6
20 25 21 20 19 20
18 19 20 15 20 19
27 28 33 32 33 34
21 25 30 35 31 30
22 17 12 13 8 4
22 21 22 21 22 26
28 23 28 27 28 23
25 20 16 20 21 25
6 5 1 5 0 1
35 30 26 30 29 25
17 16 17 16 11 16
34 29 30 29 30 31
25 30 29 34 30 29
1 5 9 5 6 2
27 28 23 24 28 23
15 19 14 10 15 10
29 30 31 35 31 35
8 3 7 11 10 5
29 30 31 35 30 34
26 31 35 30 26 25
14 19 15 19 24 19
15 10 11 10 15 20
25 29 34 33 34 33
25 21 25 21 22 17
31 35 30 29 30 25
13 8 12 11 12 16
11 12 11 10 9 10
13 12 11 12 17 13
26 31 35 30 31 35
15 20 25 26 31 35
14 10 11 10 9 5
18 19 15 20 16 17
14 19 24 20 25 21
19 14 19 18 23 28
21 25 20 25 21 25
34 29 30 31 30 29
17 22 17 16 17 12
15 19 14 10 15 19
2 3 2 6 2 6
14 10 9 10 5 6
2 6 11 7 11 6
12 17 12 16 12 13
9 10 11 7 6 11
16 12 11 10 9 10
6 2 6 2 7 6
0 1 0 5 10 11
20 15 19 24 28 27
33 32 33 28 23 24
35 30 34 30 26 31
19 15 20 15 20 21
27 28 27 28 33 32
23 28 24 23 24 20
20 24 20 16 11 7
21 25 20 25 30 31
14 19 24 23 24 23
35 30 26 31 30 25
8 12 8 4 8 4
12 13 17 22 21 22
15 19 24 19 14 19
25 21 22 21 25 21
2 3 8 12 16 17
18 19 20 19 14 19
35 31 35 30 34 30
1 0 5 10 5 1
10 11 12 17 13 17
5 9 5 0 5 6
19 18 23 24 28 24
15 20 16 11 10 11
17 22 26 25 20 15
10 11 6 11 16 11
17 13 12 8 13 17
10 9 10 14 10 15
23 28 24 28 24 19
17 22 26 31 35 30
17 12 13 8 12 16
1 5 1 5 6 11
20 25 26 25 20 24
0 1 0 1 0 5
29 34 30 25 30 26
15 10 9 10 15 10
7 8 7 2 6 5
28 23 18 23 18 19
33 28 23 18 23 28
20 24 28 33 32 33
31 35 31 30 34 29
35 30 34 33 32 33
26 31 30 26 30 31
27 28 24 28 23 28
9 5 1 5 1 0
14 19 14 19 14 10
35 30 29 30 29 25
20 16 11 7 8 12
19 20 25 30 25 29
13 12 13 8 3 7
34 29 34 33 28 27
18 19 18 23 18 23
29 25 29 25 26 22
10 11 7 2 7 12
33 34 29 25 21 20
10 14 19 15 20 24
25 30 26 22 17 22
23 24 20 16 20 21
14 10 14 10 9 10
29 30 35 31 30 25
9 5 6 7 6 11
31 30 31 35 31 35
31 26 30 26 22 17
32 33 34 30 26 31
6 5 6 11 10 9
26 31 30 31 30 35
0 1 5 6 11 7
34 30 26 31 26 25
34 30 34 29 34 33
19 18 19 18 19 15
4 8 7 3 8 13
24 28 33 28 24 28
8 13 12 16 11 7
3 7 11 6 7 8
10 15 19 24 23 18
15 20 24 19 14 19
16 12 11 7 3 2
26 31 35 30 26 25
4 8 13 17 12 17
33 34 29 25 26 22
30 29 34 29 30 26
28 33 28 24 19 15
23 28 33 28 24 23
0 1 5 9 5 10
8 3 8 7 12 7
7 11 16 11 6 5
32 33 34 30 29 30
30 29 30 29 25 26
32 33 28 23 18 23
3 8 3 2 7 2
20 16 12 8 13 17
31 35 30 26 31 35
27 28 33 28 24 20
22 21 20 21 25 30
1 0 1 5 9 10
35 31 30 35 31 35
30 25 30 26 30 34
14 19 14 19 15 20
31 26 25 20 16 11
7 6 5 9 5 0
22 26 22 21 22 21
34 30 34 29 25 29
20 24 28 23 28 27
22 21 22 17 16 12
30 34 33 28 27 28
31 26 30 34 29 34
32 33 34 30 31 35
14 10 15 10 15 20
24 28 23 24 28 27
16 17 22 26 30 34
15 19 24 19 20 16
21 22 17 22 26 22
30 34 29 30 31 26
1 5 0 1 5 0
21 20 16 17 13 17
19 14 10 15 10 5
10 11 7 8 4 8
2 7 8 3 7 2
21 25 29 34 29 30
11 10 5 10 5 9
7 6 5 10 11 7
24 28 33 34 30 25
2 6 2 7 11 12
24 28 33 34 30 35
6 2 6 2 6 7
25 20 24 19 14 19
23 24 23 18 19 15
29 25 30 31 30 34
2 7 6 7 8 7
28 27 28 33 32 33
4 8 13 12 16 11
33 34 29 34 33 34
17 22 26 31 35 30
34 33 32 33 28 24
14 19 15 19 20 25
26 25 30 25 21 22
2 6 11 7 2 3
23 24 28 24 28 24
5 9 10 5 0 1
8 12 13 12 8 12
13 12 7 6 7 6
35 30 35 30 34 29
22 26 30 34 33 28
6 5 9 5 10 5
20 19 24 23 18 23
3 8 7 2 7 3
1 5 6 11 7 3
33 34 33 28 24 20
29 30 35 31 26 22
3 7 11 10 9 5
15 19 18 23 24 23
19 18 19 15 10 14
25 20 24 19 20 19
23 24 20 15 20 15
11 12 7 2 3 2
8 3 2 7 3 7
24 20 15 20 21 25
7 6 5 0 1 5
27 28 33 34 33 32
3 8 7 3 2 3
31 26 30 35 30 31
18 23 24 20 24 19
1 0 5 10 9 5
6 2 7 11 6 11
12 7 11 10 11 7
18 23 24 19 15 20
28 27 28 24 20 21
1 5 1 0 5 1
0 1 0 1 0 5
0 1 0 1 0 1
3 8 13 17 22 21
25 29 30 31 30 31
3 8 4 8 13 12
15 10 5 9 5 6
5 10 11 6 5 0
11 12 16 11 10 11
8 13 17 13 12 17
11 7 2 3 7 12
2 6 7 12 13 8
27 28 24 23 24 28
19 18 19 24 19 14
22 21 25 20 21 20
27 28 24 28 33 28
12 8 4 8 13 8
32 33 32 33 32 33
17 12 13 8 7 12
2 3 2 6 11 6
26 31 26 31 35 30
24 28 33 32 33 32
2 6 7 11 12 8
10 14 10 11 12 16
25 20 15 10 5 10
16 20 25 30 25 30
31 35 31 26 22 17
34 29 34 29 25 21
7 3 8 4 8 13
22 26 30 35 30 25
14 19 24 28 27 28
29 30 29 25 20 16
33 28 33 28 27 28
17 22 17 12 8 12
9 10 9 10 11 16
17 22 17 13 17 16
21 20 19 18 19 20
33 32 33 28 24 23
34 30 25 26 25 26
15 10 15 10 11 16
7 2 3 2 6 5
23 28 23 24 23 18
19 15 20 25 30 26
17 16 11 16 12 17
34 30 31 30 26 30
35 30 29 30 35 30
9 5 10 14 10 9
3 7 2 7 8 13
22 26 22 17 13 17
34 29 30 31 26 31
13 8 12 8 4 8
6 7 2 7 3 8
15 10 15 20 15 10
27 28 33 32 33 34
27 28 24 20 24 19
28 23 18 19 20 19
5 6 7 3 8 12
26 25 20 24 20 15
31 35 31 26 31 30
35 30 34 30 26 22
1 0 1 5 9 5
1 5 10 9 10 5
8 13 8 13 17 22
27 28 27 28 24 19
0 1 0 5 9 10
19 24 19 15 10 9
23 24 28 27 28 23
8 4 8 12 17 12
19 14 10 15 10 15
11 6 7 2 3 7
8 3 7 2 6 2
19 20 24 23 18 19
20 24 23 24 23 24
9 10 9 10 5 6
27 28 23 24 19 15
7 11 12 13 17 22
0 1 0 1 5 0
13 17 13 17 16 12
8 4 8 12 8 12
30 25 29 30 29 34
6 11 16 11 7 3
22 26 25 30 34 30
34 33 28 27 28 33
14 10 5 6 2 3
4 8 4 8 7 12
23 24 20 19 20 15
12 17 12 16 12 11
12 7 12 16 17 16
2 7 11 10 14 19
25 20 16 17 12 13
3 7 11 10 11 10
31 26 30 35 30 31
20 21 25 20 19 15
8 4 8 4 8 7
9 5 0 1 5 6
20 25 21 22 26 22
27 28 33 28 33 28
23 28 27 28 24 28
15 19 15 19 24 23
20 24 20 24 28 33
25 30 35 30 26 22
21 25 29 30 34 30
18 23 18 23 18 19
10 14 19 24 28 24
16 17 22 21 25 20
23 28 23 24 19 15
10 11 6 5 0 1
11 12 13 17 13 17
17 16 11 16 20 21
34 33 28 27 28 27
2 6 11 6 5 10
3 8 4 8 4 8
19 15 10 5 9 10
19 24 20 25 30 35
3 7 12 11 12 8
18 23 24 28 23 24
19 18 23 24 23 24
26 31 35 31 35 31
0 5 1 5 9 10
27 28 23 28 24 20
12 17 16 12 11 10
25 26 22 21 25 30
26 30 35 31 30 35
5 10 15 10 11 6
14 19 20 19 24 19
33 28 23 28 27 28
2 6 11 12 7 6
13 12 16 20 25 21
23 28 33 34 29 30
4 8 3 8 4 8
12 17 13 17 16 20
0 5 0 5 10 5
4 8 7 6 2 3
1 5 9 5 1 5
33 34 33 34 29 25
35 31 26 31 26 31
9 5 1 5 6 7
31 35 30 34 30 25
17 16 17 16 11 16
4 8 13 8 7 3
1 5 1 0 5 6
21 20 25 20 16 20
5 10 14 10 11 6
12 16 17 13 17 22
3 2 7 12 11 16
35 30 34 33 32 33
29 30 35 30 26 25
21 20 25 29 34 33
1 0 5 6 5 1
23 18 23 28 23 24
27 28 27 28 27 28
7 12 13 8 12 16
7 2 3 7 11 16
31 35 30 25 26 31
15 10 9 5 10 14
3 7 6 7 12 13
0 5 0 1 5 10
30 26 22 17 12 11
4 8 13 8 3 7
2 6 5 1 5 10
25 26 25 21 25 29
22 26 31 30 29 30
19 24 20 21 20 16
13 8 7 6 11 16
21 25 29 25 26 22
32 33 28 24 19 20
10 9 10 5 6 5
16 17 16 20 24 20
26 31 26 25 20 16
8 4 8 7 6 11
4 8 7 8 13 12
0 5 0 5 6 11
30 31 35 30 34 29
5 0 1 0 5 6
33 28 33 34 33 34
0 1 0 5 10 15
29 34 33 28 23 28
32 33 32 33 28 24
7 12 13 8 12 7
15 19 15 10 5 1
29 25 26 31 26 31
4 8 7 8 3 8
7 2 3 8 3 2
3 8 3 8 13 12
20 24 23 18 19 24
10 5 10 14 10 9
12 13 8 3 8 12
5 0 1 0 5 1
28 27 28 24 20 15
30 31 26 31 35 31
29 30 29 34 33 28
3 2 7 12 7 3
17 22 26 30 34 33
26 25 21 22 26 22
12 11 6 5 9 5
24 23 18 19 20 15
33 28 23 24 19 20
1 5 9 10 9 10
5 9 5 1 0 5
33 32 33 32 33 34
27 28 23 28 23 28
31 26 30 29 30 29
19 18 23 18 19 20
30 34 29 25 29 34
15 19 15 20 25 21
13 12 16 11 6 5
2 6 7 6 5 0
35 31 30 26 22 26
22 21 25 21 25 26
11 12 13 17 13 8
2 7 6 11 12 8
32 33 28 23 18 23
18 19 15 20 25 30
1 0 5 0 1 0
21 22 17 12 17 16
34 30 31 35 30 35
22 26 31 35 30 25
14 10 5 10 9 10
3 8 3 8 4 8
17 13 17 13 12 7
27 28 23 28 27 28
24 28 27 28 33 32
12 11 7 3 7 2
13 12 13 12 16 12
8 13 8 12 11 6
14 10 11 7 8 7
24 20 19 20 16 12
4 8 12 16 12 17
11 12 16 11 16 11
9 5 0 1 0 5
21 25 29 25 30 26
8 13 12 11 12 11
30 34 33 32 33 34
17 13 17 13 12 16
35 31 35 30 29 25
21 25 29 34 33 28
21 25 21 22 17 13
25 26 25 20 25 30
31 30 25 29 30 25
21 20 25 29 34 30
22 21 25 20 15 20
34 29 34 29 34 30
29 30 31 26 31 30
14 10 5 10 5 6
29 34 29 25 29 34
8 7 6 11 6 11
21 22 17 16 12 7
31 30 25 20 15 19
33 34 29 34 29 30
31 35 31 35 30 29
0 5 9 10 9 10
3 7 6 2 7 6
2 3 8 7 11 6
16 12 17 13 12 7
2 7 6 7 3 7
13 17 12 7 8 7
25 30 29 25 21 22
21 20 21 25 29 25
14 10 15 10 14 19
20 19 18 19 15 20
13 12 7 12 13 8
23 28 33 32 33 32
35 30 34 33 34 30
11 6 7 12 11 16
5 9 10 14 10 14
30 25 20 25 20 21
10 5 1 5 0 1
29 30 26 31 26 31
31 26 25 26 30 34
21 25 21 20 19 18
35 30 25 26 30 35
8 13 8 7 2 7
19 18 19 15 19 14
34 29 34 30 29 34
26 22 17 12 8 12
22 26 25 21 20 19
15 20 19 24 20 24
8 4 8 7 6 5
16 12 16 12 17 12
27 28 33 32 33 34
7 8 4 8 7 3
29 25 21 25 29 30
9 10 11 12 8 4
17 12 8 7 3 8
23 24 28 33 28 23
4 8 13 17 16 12
8 12 17 16 11 7
3 2 3 7 2 6
16 12 13 8 13 12
11 12 16 12 11 12
13 17 16 12 17 12
31 30 26 31 30 35
25 26 30 35 30 31
24 28 24 23 24 23
31 35 31 30 31 35
27 28 24 28 33 34
10 11 16 12 11 12
29 30 34 29 34 29
28 24 28 23 28 23
17 13 17 12 13 12
9 5 1 0 5 9
3 2 7 11 10 9
3 7 8 7 11 7
3 2 6 7 2 3
9 10 5 10 15 10
26 22 17 12 11 16
33 28 33 34 29 25
34 33 32 33 32 33
19 15 19 18 19 18
11 10 5 6 2 7
24 19 15 19 14 10
6 5 6 7 12 17
20 19 18 23 18 23
21 25 30 26 25 30
27 28 27 28 23 18
8 3 2 6 2 6
26 31 26 31 26 30
33 28 27 28 33 32
7 6 5 1 0 5
14 19 24 19 18 23
27 28 27 28 33 28
29 34 33 32 33 32
16 12 7 12 7 12
31 35 31 30 29 25
21 22 26 22 26 31
33 28 27 28 24 20
6 2 6 2 3 2
34 30 26 22 26 31
34 29 30 25 29 30
15 20 25 21 20 21
28 23 24 19 18 23
24 28 33 32 33 34
7 12 16 12 7 6
28 33 32 33 32 33
20 15 10 9 5 9
6 7 2 3 8 4
33 32 33 28 27 28
22 26 25 20 15 20
25 30 26 30 35 31
23 18 19 15 19 15
7 8 7 11 6 5
31 26 30 29 25 26
3 7 12 16 20 21
27 28 33 34 30 34
27 28 33 34 33 28
0 5 10 14 10 14
4 8 13 12 8 4
7 6 7 6 11 16
28 24 28 24 19 20
33 28 33 32 33 32
27 28 33 32 33 34
21 20 24 28 33 32
12 17 22 26 22 17
28 24 20 15 19 24
32 33 28 27 28 24
30 25 30 34 29 30
28 23 18 19 14 19
8 4 8 12 11 6
17 16 12 17 16 12
16 11 10 15 19 20
32 33 34 33 32 33
12 17 13 8 7 11
26 25 21 22 21 22
2 3 2 3 2 6
21 25 29 34 33 32
11 6 11 6 5 0
27 28 24 20 16 17
12 7 11 10 5 0
8 3 2 7 6 7
0 1 5 10 5 0
0 1 5 0 1 0
20 16 12 8 7 3
15 10 14 19 18 23
24 23 28 23 24 28
33 32 33 28 33 34
8 4 8 13 17 22
34 33 28 24 23 28
7 6 5 1 0 5
6 2 3 2 6 5
32 33 34 29 30 26
30 26 31 26 22 17
17 16 17 16 11 12
23 18 19 18 23 18
6 7 11 12 13 12
12 7 2 7 8 12
6 7 8 3 8 12
6 11 12 11 7 12
0 1 5 1 5 9
32 33 32 33 32 33
33 28 24 19 18 19
31 35 31 30 29 30
3 8 12 8 3 7
10 14 10 9 5 9
18 23 28 23 18 23
27 28 23 28 27 28
29 25 26 30 31 26
0 5 1 5 1 0
22 26 31 30 31 35
28 23 28 27 28 24
10 15 10 11 7 11
3 2 6 11 10 5
1 0 1 5 1 0
4 8 3 7 3 2
18 19 18 19 18 19
24 28 27 28 27 28
34 33 28 23 18 23
7 8 7 8 4 8
2 7 2 6 11 12
22 21 20 24 20 19
17 16 17 13 12 7
7 6 5 1 0 1
4 8 7 11 7 8
14 10 5 1 5 9
19 15 10 11 6 5
18 19 15 20 19 15
18 23 28 24 20 24
35 30 29 25 20 24
9 10 9 10 11 10
16 20 25 30 25 21
4 8 3 2 6 7
33 34 30 29 34 33
10 5 9 10 9 5
22 26 30 34 29 30
14 19 24 20 21 25
29 30 34 29 25 20
9 5 1 0 1 5
10 15 19 24 23 24
9 5 1 0 5 10
10 5 10 9 5 6
21 25 30 29 34 29
18 23 28 24 23 18
0 1 0 5 1 0
1 0 5 10 14 10
23 24 23 24 23 28
5 9 5 10 11 7
8 13 12 8 4 8
10 11 7 11 6 2
3 2 7 3 7 12
6 11 10 14 10 14
20 15 10 15 10 15
17 13 12 7 3 8
34 29 25 20 24 20
16 12 7 11 16 11
1 5 10 14 10 9
34 33 34 29 34 29
1 5 0 5 6 2
11 6 11 16 20 19
33 34 33 28 27 28
11 6 7 12 13 12
34 30 25 30 34 33
29 30 35 30 25 29
18 19 14 10 9 10
2 7 3 7 6 11
34 29 25 21 22 26
2 7 11 12 8 7
9 5 0 1 0 5
26 22 26 31 26 25
28 27 28 23 24 28
22 21 20 21 25 26
7 8 4 8 4 8
12 11 12 16 12 7
1 5 1 0 5 0
22 26 25 26 31 26
31 26 31 30 29 25
19 14 10 14 19 24
8 3 7 2 3 8
22 17 12 13 17 12
0 5 10 11 12 13
30 26 25 20 25 30
11 12 13 8 12 16
0 1 5 1 0 5
19 15 19 15 20 24
11 10 14 10 11 10
22 17 16 17 13 8
15 19 15 19 20 24
14 10 11 7 6 5
25 30 35 30 29 34
3 8 3 2 6 5
19 15 20 19 24 20
13 12 8 7 11 7
32 33 28 24 28 33
9 5 0 1 0 5
31 35 31 30 34 30
18 23 18 23 18 23
31 30 31 26 31 30
4 8 3 2 7 8
5 1 0 1 0 1
22 26 22 26 31 26
35 31 30 31 35 31
21 22 21 20 15 19
23 18 23 24 20 21
20 25 26 25 20 24
3 2 3 2 3 2
15 20 21 22 21 25
8 13 8 12 17 12
11 6 11 6 7 2
30 31 35 30 26 25
4 8 13 8 12 16
28 23 24 19 15 20
32 33 32 33 28 23
22 21 20 21 25 29
2 6 11 10 9 10
28 27 28 27 28 33
2 7 3 2 6 2
21 20 21 20 21 20
0 5 10 15 20 15
5 10 15 20 15 10
16 12 13 12 11 12
25 21 25 20 19 15
33 32 33 34 29 30
13 17 22 26 30 34
24 23 28 24 28 24
34 30 26 30 26 30
30 26 30 29 34 30
1 0 5 0 1 5
4 8 3 8 4 8
33 34 29 25 20 25
34 29 34 29 25 26
34 30 35 31 26 25
18 19 20 19 24 23
15 20 24 20 19 14
28 24 23 28 24 28
32 33 32 33 32 33
9 10 9 10 5 10
31 35 31 35 31 35
0 1 0 1 0 5
3 7 3 7 2 7
19 15 19 15 20 25
28 24 28 33 28 27
13 12 16 20 21 22
21 20 24 28 23 18
19 14 10 9 10 15
24 19 18 19 20 19
11 10 5 6 11 16
30 26 25 20 16 11
34 30 25 21 20 15
13 8 12 17 13 12
35 31 35 31 30 34
35 30 35 30 31 26
4 8 13 8 4 8
10 14 19 18 23 24
26 22 17 12 7 12
5 10 11 12 8 12
26 22 26 25 26 25
14 10 5 6 7 3
14 19 15 20 15 19
33 32 33 32 33 34
3 2 6 2 7 8
21 20 16 12 16 12
20 15 20 19 18 19
3 2 7 3 7 11
28 24 28 27 28 24
0 5 1 5 1 5
15 19 18 23 28 27
29 30 29 34 33 32
2 7 3 8 12 8
26 25 26 30 31 35
9 10 14 19 14 19
17 16 11 7 11 16
28 33 34 29 30 34
35 31 26 30 25 21
22 17 22 26 25 21
16 12 11 6 2 7
5 0 1 5 10 9
28 24 19 15 20 25
25 26 25 29 30 31
3 2 7 3 8 13
30 31 30 31 30 29
28 27 28 27 28 24
6 5 6 7 3 7
9 5 1 5 0 1
2 6 2 6 11 10
29 30 25 21 20 21
10 11 6 2 7 12
0 1 5 9 10 15
35 31 35 31 30 34
0 5 10 11 16 20
11 7 12 17 13 17
14 19 18 19 24 23
8 13 8 4 8 12
31 30 26 22 17 16
12 16 11 12 17 12
26 31 26 22 26 31
9 5 0 1 5 6
23 28 23 28 24 23
26 31 30 34 29 34
22 21 20 16 17 12
8 4 8 12 8 4
4 8 3 7 2 7
14 19 14 10 11 12
16 20 24 28 27 28
23 18 23 28 27 28
20 24 19 18 19 15
4 8 3 8 7 8
23 28 24 28 24 28
35 31 30 29 30 35
2 3 8 4 8 4
18 19 20 21 20 21
2 6 7 6 5 0
20 21 25 30 35 31
35 31 35 31 35 30
19 15 20 24 23 28
29 25 30 26 31 30
33 28 23 24 20 15
1 0 5 0 5 1
26 25 26 31 30 25
17 16 12 17 16 11
19 15 10 14 19 20
29 34 33 34 30 25
8 7 8 13 12 7
0 1 0 1 5 6
2 3 7 2 3 8
22 21 20 15 19 15
6 2 3 8 7 8
23 18 19 15 19 24
1 0 5 6 11 16
7 3 2 7 2 3
25 26 31 26 25 29
9 10 15 19 15 10
2 3 2 7 8 13
15 20 21 25 20 16
19 18 23 24 23 28
21 22 26 25 26 30
2 7 12 16 12 13
8 12 8 13 8 13
24 20 15 20 25 26
19 20 15 20 21 25
28 27 28 24 23 18
10 11 7 6 11 6
6 5 0 5 1 0
5 0 5 0 5 6
29 34 33 32 33 28
19 14 19 15 19 18
21 25 21 25 29 34
6 11 12 8 3 7
2 7 2 7 6 5
1 0 1 0 5 9
8 4 8 4 8 7
35 31 35 31 30 31
15 10 9 10 15 20
20 24 23 24 23 24
29 25 21 25 26 30
23 28 33 32 33 34
8 7 8 12 13 12
14 19 18 19 14 10
32 33 34 33 28 27
32 33 28 24 19 14
17 16 20 21 25 20
13 8 7 8 3 2
17 13 8 12 8 13
34 30 31 26 30 26
26 22 17 13 17 12
14 19 24 23 28 27
20 16 11 10 11 16
27 28 24 20 21 20
13 12 13 8 13 17
26 30 25 29 34 30
15 19 18 19 18 19
34 30 31 35 30 29
33 32 33 32 33 32
25 26 25 29 30 26
18 19 20 16 20 16
17 22 26 31 26 22
10 14 19 18 19 24
3 2 3 7 12 17
27 28 27 28 33 32
11 6 11 10 14 10
15 19 24 23 28 27
4 8 4 8 3 2
12 7 12 7 12 8
33 32 33 34 33 32
1 5 6 7 11 10
12 8 4 8 13 17
26 30 34 30 34 33
18 23 18 23 18 23
29 25 20 15 19 15
18 19 18 23 24 19
12 17 13 12 8 13
0 1 5 6 7 11
34 33 34 30 26 25
11 7 8 3 2 7
19 18 19 18 23 24
5 0 1 5 0 1
13 12 13 12 11 12
8 3 2 7 12 13
19 20 24 28 24 28
34 29 30 26 30 34
32 33 34 29 25 30
17 22 21 22 26 30
33 32 33 28 33 28
27 28 23 28 23 24
11 7 3 8 7 2
17 16 12 17 16 20
9 10 14 19 15 19
32 33 32 33 34 30
11 7 2 3 2 3
28 27 28 23 18 23
32 33 28 23 24 28
8 13 8 13 12 16
10 14 10 14 10 11
10 15 19 24 23 24
28 24 20 19 24 19
29 34 29 34 29 34
21 25 26 22 21 25
7 2 7 6 7 2
16 17 13 17 12 7
15 19 18 19 24 28
22 26 30 29 30 31
16 11 7 11 12 8
5 10 5 9 10 15
19 20 24 28 27 28
31 26 25 20 21 22
20 25 20 24 20 21
8 4 8 7 8 3
6 11 6 5 10 9
25 20 16 11 10 9
15 20 25 21 20 21
8 13 8 7 2 3
34 29 34 29 34 29
31 35 31 26 31 26
29 30 26 22 17 16
25 30 29 25 26 25
13 8 13 17 16 11
21 22 26 31 35 31
35 30 34 33 34 29
22 17 22 21 25 29
0 1 5 0 1 0
9 5 10 11 16 11
35 31 35 30 29 34
23 18 19 18 19 18
21 20 21 25 21 22
28 24 20 24 28 23
15 20 21 22 26 31
1 5 6 7 3 8
29 25 30 35 31 26
5 1 5 10 15 20
20 19 24 20 25 20
20 21 25 30 26 22
12 16 17 12 11 16
31 35 31 30 25 30
6 2 6 11 6 5
2 6 5 0 5 9
14 19 20 24 20 16
24 20 19 18 19 14
24 28 24 23 18 23
32 33 34 29 25 20
11 7 8 7 12 13
34 33 32 33 28 27
25 26 25 26 25 30
23 28 27 28 24 28
33 32 33 32 33 32
31 30 29 34 33 32
29 25 29 34 29 30
19 14 19 20 21 22
11 7 3 2 6 11
22 26 22 21 20 16
30 29 25 26 30 34
24 28 33 32 33 28
25 26 25 26 31 26
31 26 30 25 26 25
11 16 20 25 30 25
10 14 10 5 10 9
7 12 7 2 7 2
21 22 17 22 21 20
7 8 13 12 8 3
30 35 30 34 33 28
35 31 30 31 26 25
8 4 8 4 8 4
30 31 30 29 34 30
33 34 33 28 33 34
3 8 7 2 3 2
1 0 5 1 5 10
22 26 25 26 22 21
17 13 12 11 12 13
12 11 10 5 6 2
9 10 14 10 14 10
27 28 33 34 30 35
34 33 28 33 28 27
35 30 31 30 34 33
9 5 9 10 9 5
17 12 7 3 7 6
17 12 11 16 12 17
13 17 13 17 22 26
24 28 23 28 24 23
34 30 29 25 20 16
23 24 20 24 19 20
15 19 24 20 15 10
28 23 28 23 24 19
2 6 2 3 2 7
5 0 5 0 1 5
4 8 4 8 7 6
10 9 10 15 20 21
7 12 17 13 17 16
22 17 16 20 19 15
3 2 7 11 12 8
31 30 31 35 30 34
7 8 4 8 3 2
9 5 10 5 0 5
32 33 28 33 34 33
20 25 30 34 33 28
16 20 25 21 25 20
10 11 10 11 16 20
32 33 28 33 34 29
23 24 19 14 19 15
9 5 10 15 20 25
6 5 9 10 11 16
31 35 31 35 31 26
30 25 29 25 29 34
0 5 6 2 6 11
32 33 32 33 34 30
5 1 5 0 5 1
23 28 33 34 30 25
14 10 11 6 5 9
5 0 1 0 1 5
16 12 16 20 24 20
19 15 10 14 19 20
14 19 20 24 20 16
11 6 5 9 5 0
29 25 21 20 15 20
1 0 1 0 5 10
1 5 9 5 10 9
14 10 5 0 5 9
6 11 6 11 12 8
20 21 22 26 25 26
1 5 1 0 1 5
15 20 21 25 30 25
5 6 2 7 8 7
17 12 13 17 12 11
26 22 21 20 25 30
17 13 12 7 6 7
16 11 16 11 16 12
14 10 15 19 24 28
9 10 14 19 15 10
22 21 22 26 22 17
8 7 3 7 6 2
29 25 26 30 35 31
7 11 10 9 10 15
33 34 33 28 27 28
28 24 28 27 28 33
28 33 34 29 30 26
6 5 6 7 11 16
23 18 19 14 10 9
15 20 24 23 28 24
27 28 23 28 27 28
4 8 13 17 12 7
1 5 10 11 10 15
33 28 33 28 33 34
15 20 21 22 26 30
2 6 7 6 5 9
0 5 0 1 0 1
22 21 25 30 34 30
34 30 31 30 31 35
17 12 17 22 26 22
7 6 11 12 7 11
1 0 5 9 5 6
13 8 3 8 12 13
19 24 28 23 18 19
6 7 12 11 10 11
34 30 35 31 35 31
25 29 30 31 26 25
18 19 24 20 16 20
9 5 0 5 0 5
20 16 20 25 20 25
15 19 24 20 15 20
26 25 29 25 30 26
24 28 24 23 24 23
3 2 6 2 7 8
22 21 25 29 25 20
33 32 33 32 33 34
7 12 7 3 7 11
21 25 30 29 34 30
23 24 20 25 26 30
3 8 4 8 12 16
12 7 12 13 12 11
13 8 12 13 8 4
2 3 8 3 8 3
17 12 11 10 5 9
10 11 16 11 16 12
15 20 16 20 19 24
16 11 12 7 11 7
27 28 27 28 24 28
0 1 0 5 6 5
16 12 16 20 16 20
4 8 7 12 13 12
7 3 2 3 8 3
32 33 28 33 28 24
11 16 11 16 11 12
33 32 33 28 27 28
23 28 24 20 19 18
34 30 25 20 15 19
16 12 8 7 3 7
35 31 35 31 26 30
19 20 15 19 24 19
1 5 9 5 0 1
18 23 24 20 25 20
31 26 25 21 20 16
14 10 11 10 11 16
5 6 5 1 0 5
13 17 22 26 22 26
8 4 8 7 6 11
6 5 6 5 9 5
2 6 7 8 12 16
8 4 8 12 11 12
15 20 16 12 11 6
11 12 17 22 17 22
7 6 5 0 5 6
14 19 15 10 9 10
26 30 35 30 29 34
27 28 27 28 24 23
7 11 16 20 16 12
8 7 8 12 7 2
14 19 20 15 19 18
33 34 29 25 21 22
19 14 19 20 24 19
12 13 17 12 16 20
31 35 31 35 30 26
0 1 0 1 5 6
18 23 24 28 33 34
15 19 15 19 18 19
28 23 18 23 18 23
22 21 25 29 25 20
18 23 24 28 23 24
28 27 28 33 28 23
5 9 5 1 0 1
27 28 33 28 27 28
6 5 1 0 5 6
33 34 29 30 34 33
33 28 23 18 23 28
21 22 17 22 21 20
7 12 7 8 4 8
1 5 9 10 15 19
11 7 11 7 2 7
7 12 17 22 26 25
22 21 25 20 15 10
21 25 30 31 30 26
24 19 15 10 11 16
12 17 16 20 25 21
11 12 13 12 8 4
9 5 1 0 1 5
12 8 12 17 12 17
26 31 30 26 31 30
11 16 20 25 30 26
35 31 30 31 30 26
24 19 20 24 23 28
3 2 6 11 7 8
30 34 33 34 30 25
28 33 28 33 34 29
26 31 30 26 30 25
14 19 15 10 5 9
26 31 26 22 17 16
21 25 30 29 30 26
32 33 34 33 34 29
17 22 21 20 25 20
9 5 6 11 10 9
6 11 16 20 21 25
24 19 15 20 24 28
15 10 11 6 11 16
13 12 13 17 12 11
33 34 30 29 34 33
1 5 9 10 9 5
31 30 35 31 26 22
8 3 8 13 12 7
13 8 4 8 12 16
9 10 11 16 17 16
34 33 34 29 34 30
31 26 25 30 26 31
33 34 33 28 24 20
35 30 34 29 25 30
7 6 11 7 11 10
26 31 30 25 29 34
24 28 23 28 23 18
6 11 10 11 12 8
4 8 7 12 11 16
14 19 14 10 14 10
6 7 3 7 12 11
9 5 6 5 10 9
28 23 24 20 15 10
33 34 29 30 26 31
6 7 12 16 12 13
19 20 21 20 25 26
24 20 16 12 8 3
9 10 14 19 24 23
7 12 16 20 24 19
4 8 3 8 13 12
1 0 5 1 0 5
1 0 1 0 5 0
31 30 25 26 30 25
21 22 26 30 26 31
8 4 8 13 17 22
3 7 6 2 3 7
5 1 5 10 11 6
31 30 25 29 25 26
9 10 15 19 18 23
26 30 31 30 29 30
20 15 10 11 10 5
12 11 6 2 3 8
17 16 11 16 11 16
17 13 8 12 17 12
26 22 21 25 20 21
10 9 10 9 5 1
16 12 7 11 12 7
35 30 31 30 26 30
33 32 33 28 27 28
21 20 19 18 23 18
20 19 18 19 18 19
33 28 24 19 18 19
30 25 29 25 26 22
23 18 23 24 19 18
23 28 33 34 30 35
32 33 32 33 34 33
30 35 31 35 31 35
13 8 3 7 12 13
30 31 35 31 35 31
15 20 19 24 28 23
22 17 16 20 21 25
2 6 11 6 11 7
13 12 7 6 5 0
14 10 9 10 15 19
5 9 10 14 19 14
25 21 25 26 25 30
31 30 31 35 30 34
16 12 8 7 2 6
10 11 7 6 7 11
5 1 5 1 5 1
19 14 19 24 23 28
12 13 17 16 17 16
22 21 22 21 22 21
31 30 31 35 31 35
19 18 23 28 23 28
9 10 11 10 5 6
6 5 9 5 10 9
2 6 5 0 1 5
6 5 10 15 20 24
19 24 20 16 20 19
35 30 29 34 29 30
14 19 15 19 20 16
1 0 5 6 5 9
14 10 11 12 13 12
5 9 5 9 10 11
7 12 13 8 4 8
19 20 21 22 17 22
11 12 11 16 12 16
35 31 26 22 26 25
23 18 19 14 19 20
33 34 30 26 30 35
14 10 11 10 15 10
29 34 33 34 30 31
21 22 21 25 30 26
26 22 21 22 21 25
10 15 10 11 12 8
0 1 0 1 0 5
12 17 16 20 15 10
2 7 12 17 16 17
24 23 18 19 20 25
6 7 2 3 2 7
10 14 10 11 16 17
7 12 16 11 12 13
2 7 8 13 17 12
32 33 34 29 25 30
16 20 15 20 25 21
6 5 9 10 11 16
3 8 7 12 16 11
13 12 11 6 7 11
14 19 15 20 24 20
5 0 5 10 9 10
19 15 10 5 9 5
26 25 30 31 26 31
19 20 15 10 11 7
18 19 15 10 9 10
32 33 28 24 19 18
7 6 11 10 15 10
32 33 32 33 34 30
29 34 30 35 30 25
6 11 12 11 7 2
24 28 23 28 33 34
3 2 3 2 7 6
10 9 5 1 0 5
18 23 24 28 23 28
22 26 31 30 29 34
25 20 25 20 16 11
21 25 21 20 19 24
10 11 6 11 6 7
19 20 24 23 24 19
28 27 28 27 28 24
15 20 15 10 11 10
19 18 23 18 23 24
35 31 26 25 29 25
25 21 20 24 28 27
18 19 18 19 14 10
10 14 19 20 16 20
3 2 3 8 7 8
17 16 12 13 12 13
27 28 24 19 15 19
8 3 7 8 4 8
0 1 5 9 5 10
13 8 12 11 12 8
9 10 15 10 5 6
3 7 8 7 3 7
26 25 30 25 26 30
22 26 25 30 29 30
18 23 28 33 34 29
24 23 24 19 24 28
6 7 11 16 11 16
18 19 24 28 33 34
31 26 25 29 34 33
30 35 31 35 30 34
15 10 15 19 20 16
20 15 20 24 23 18
30 34 29 25 21 20
20 24 28 23 28 33
5 0 5 10 9 10
3 7 8 7 11 12
31 26 22 21 20 19
13 17 16 17 13 12
26 31 26 22 17 13
27 28 23 24 19 20
29 30 26 30 31 26
0 5 9 10 14 10
22 21 25 30 25 30
6 2 3 8 13 8
1 0 1 5 6 7
27 28 23 28 23 24
2 7 11 16 17 12
30 34 30 26 22 21
7 6 2 6 5 0
34 33 28 23 24 19
2 3 7 11 6 5
11 10 11 7 11 10
34 29 25 30 31 26
0 5 6 5 1 5
33 32 33 34 29 34
0 1 0 5 6 5
34 30 29 25 20 19
24 28 23 24 23 24
26 31 30 26 30 25
30 26 25 29 30 29
17 13 12 17 13 17
17 13 8 7 11 12
13 8 4 8 7 12
3 8 7 3 8 13
17 16 17 22 17 12
30 26 25 26 22 26
13 8 3 7 2 7
17 22 26 30 31 26
31 35 31 35 31 26
16 12 16 11 16 20
9 10 11 16 17 13
29 34 29 30 29 25
10 14 19 24 20 21
31 26 22 21 20 15
9 5 10 9 5 10
30 34 33 34 33 28
26 22 26 30 26 22
1 5 9 10 14 10
27 28 23 24 19 18
2 3 8 3 2 3
9 10 11 10 15 20
34 33 28 23 18 23
22 21 20 16 20 19
5 0 1 5 1 0
34 33 34 33 34 30
4 8 3 8 12 7
16 11 6 5 1 0
33 34 29 25 21 20
31 26 22 21 20 21
3 7 8 4 8 3
15 20 25 20 15 10
28 24 19 14 10 15
34 30 26 30 35 30
0 1 0 1 5 6
24 19 15 10 14 19
27 28 27 28 27 28
25 26 22 21 25 30
4 8 4 8 12 8
22 26 22 26 30 35
17 16 12 13 17 16
32 33 34 30 35 31
5 10 11 16 12 17
11 12 16 20 24 23
22 17 13 12 11 6
16 12 7 2 3 2
27 28 27 28 24 28
34 29 30 35 31 26
26 22 21 20 15 19
3 8 13 8 12 13
4 8 12 17 12 16
34 33 28 33 28 27
24 28 33 34 29 30
32 33 32 33 34 29
12 11 16 12 11 10
19 20 15 19 14 19
15 10 14 10 11 16
17 13 8 3 7 11
22 17 22 17 13 8
8 3 8 3 7 6
33 28 24 28 33 34
23 18 19 18 23 28
9 5 9 10 5 10
31 35 30 29 30 25
16 12 13 12 8 3
29 30 29 25 29 25
32 33 28 23 24 20
18 23 18 19 18 19
25 29 25 30 29 25
28 24 19 14 10 14
10 11 10 9 10 5
6 5 10 14 19 14
10 14 19 20 21 20
22 21 22 26 22 26
24 20 16 12 8 3
1 5 0 1 0 1
34 30 26 22 17 13
2 6 2 6 5 10
30 29 30 31 26 25
24 23 28 23 18 19
22 21 20 19 24 19
16 11 10 9 10 14
31 35 31 26 25 29
32 33 32 33 34 30
16 12 13 17 16 12
10 11 10 11 12 11
10 5 9 5 10 14
13 17 12 11 12 11
0 1 5 10 14 19
19 18 23 28 24 20
11 12 17 16 20 21
15 19 24 20 21 25
11 7 2 7 12 16
33 28 23 24 28 33
26 22 26 30 25 21
0 5 9 10 11 12
32 33 32 33 34 33
35 30 35 31 30 35
22 26 31 30 31 26
25 21 25 20 25 20
13 17 22 21 25 26
18 19 14 19 20 16
18 23 28 23 18 23
32 33 28 23 24 19
6 11 10 14 19 20
28 27 28 24 19 24
21 25 20 16 12 11
20 16 17 12 11 16
35 31 26 25 21 20
34 29 25 21 25 30
35 30 29 34 29 30
13 17 16 11 16 17
29 34 33 28 33 32
0 5 10 11 7 8
26 30 29 30 31 30
7 6 5 0 1 0
30 29 25 21 20 15
7 6 5 0 5 10
24 20 21 20 15 20
9 5 10 9 10 11
5 1 5 10 11 6
12 13 12 11 16 12
5 9 10 5 1 5
25 21 25 21 20 15
5 1 0 5 1 5
16 20 21 25 26 30
1 5 6 2 7 11
7 8 12 8 7 8
9 10 9 10 11 10
2 7 12 8 3 7
26 22 21 20 16 11
15 19 18 19 18 23
16 12 13 12 8 4
20 21 20 21 25 21
6 7 2 3 7 12
5 10 5 9 5 1
23 28 24 19 15 19
6 2 7 3 8 12
28 33 28 24 20 19
31 35 31 26 25 21
30 34 33 32 33 34
28 23 18 23 18 23
2 3 8 12 11 12
28 33 28 24 19 24
0 5 1 0 1 5
12 17 12 8 4 8
30 34 29 30 31 30
7 12 16 17 12 11
15 19 18 19 14 19
22 26 25 29 25 21
10 15 10 5 10 11
35 31 26 31 26 31
4 8 12 8 12 13
12 16 11 6 5 9
34 30 35 30 34 30
24 20 19 18 23 28
25 30 35 30 29 34
29 25 20 16 11 6
4 8 7 2 3 8
9 5 10 14 19 18
20 25 29 30 25 30
16 20 16 20 21 22
12 13 17 22 17 22
32 33 28 24 23 18
7 2 7 8 13 12
6 11 7 2 6 7
6 7 2 7 11 7
17 22 17 13 8 7
9 10 11 7 6 5
9 5 6 2 3 2
6 11 10 15 19 24
27 28 27 28 24 23
13 12 13 17 12 7
23 28 33 32 33 32
6 11 12 8 3 8
3 7 2 6 2 3
22 26 25 30 29 30
3 7 3 7 6 7
24 19 15 20 16 12
21 22 26 22 26 25
6 5 6 5 1 0
30 26 31 30 34 29
28 24 28 24 23 28
18 19 18 19 14 19
2 7 6 5 1 5
5 10 15 10 9 10
27 28 27 28 24 28
15 20 19 24 23 28
33 28 33 32 33 28
25 21 20 15 10 9
10 14 19 15 19 20
0 1 0 1 0 1
24 28 23 28 24 23
6 2 6 5 1 0
10 11 7 3 8 13
27 28 23 28 24 19
27 28 27 28 33 34
17 12 11 12 17 16
19 14 10 9 10 14
30 25 30 35 30 34
18 19 20 16 20 16
30 35 30 26 22 21
18 19 24 23 18 19
33 34 30 29 34 29
16 17 22 21 20 19
14 10 14 19 18 23
26 31 35 31 35 30
1 0 1 5 0 5
7 12 13 17 22 17
35 30 25 20 21 22
33 32 33 28 33 34
7 3 2 7 6 11
12 8 13 8 3 7
19 15 20 15 19 15
9 5 10 5 0 5
14 19 20 15 19 15
16 11 12 17 12 11
4 8 3 7 12 8
10 5 1 5 9 5
23 24 20 16 17 12
9 10 15 20 25 26
7 8 4 8 3 8
25 21 25 20 19 15
5 9 10 11 10 15
21 22 21 20 19 15
28 33 34 29 25 20
24 20 16 11 16 11
12 16 12 7 6 11
10 5 1 0 1 5
17 16 11 12 8 3
34 29 25 20 15 10
25 26 30 29 30 31
0 5 6 7 6 11
31 30 34 30 29 34
29 34 30 35 30 26
8 13 17 13 8 3
30 35 31 26 31 35
33 34 29 25 30 35
0 1 0 5 10 9
9 5 10 9 5 1
26 31 35 30 26 22
7 12 16 17 12 11
29 25 29 30 25 21
5 9 10 5 6 2
4 8 7 6 7 2
31 35 31 30 31 26
4 8 7 8 12 13
4 8 13 8 3 8
30 35 31 26 30 25
5 1 5 1 5 9
27 28 33 32 33 32
14 10 15 20 19 15
18 19 18 23 18 23
35 31 30 35 30 29
9 5 9 5 1 5
28 27 28 24 19 24
33 32 33 32 33 32
7 2 6 5 0 5
27 28 33 34 29 30
14 10 5 10 15 10
29 25 20 21 25 21
26 25 26 31 30 29
13 8 13 17 16 12
8 4 8 4 8 13
18 23 28 23 24 19
26 22 17 13 12 11
26 22 26 30 25 29
23 28 33 34 30 31
34 30 26 31 30 29
19 14 19 24 28 23
30 35 31 26 30 26
21 25 29 34 30 29
7 6 2 3 8 3
35 30 31 35 30 29
27 28 27 28 27 28
17 16 12 11 16 12
29 25 29 34 30 25
11 16 11 7 6 5
10 14 19 24 28 24
18 19 15 10 11 16
11 7 2 6 11 10
34 33 28 27 28 23
21 22 17 13 17 16
8 13 12 8 7 2
21 20 21 20 21 20
11 6 5 6 11 12
19 15 20 21 22 26
15 10 15 20 15 20
33 32 33 28 23 28
20 21 20 24 28 27
28 24 20 16 11 12
3 8 7 8 3 7
16 12 13 8 13 17
8 4 8 7 6 5
26 30 31 35 31 30
4 8 7 12 16 11
1 5 6 11 16 17
15 20 24 28 23 28
0 1 5 1 5 6
24 23 18 19 24 28
12 8 7 3 2 7
7 6 2 6 7 6
35 30 31 26 31 26
6 7 2 6 11 10
15 10 9 10 15 10
7 3 8 12 7 3
26 30 29 34 30 29
10 15 20 15 19 20
23 28 27 28 23 28
16 17 13 12 17 13
30 25 26 30 25 29
7 3 2 6 11 12
9 10 9 10 11 10
15 19 20 19 15 10
27 28 33 34 33 28
31 30 29 25 29 30
19 18 23 28 27 28
1 5 0 5 0 1
24 28 27 28 27 28
0 1 5 10 11 12
32 33 28 23 28 33
25 20 21 20 25 21
7 11 16 17 13 12
4 8 7 6 11 7
11 7 3 2 6 2
12 7 2 7 11 7
14 19 24 20 21 20
25 30 34 33 28 23
33 32 33 32 33 34
22 21 22 26 25 30
19 18 19 14 10 14
16 12 8 3 7 2
26 25 26 30 34 33
19 18 23 18 19 18
0 5 6 11 6 2
7 2 6 2 3 2
0 5 0 5 1 0
27 28 27 28 27 28
8 12 17 13 12 13
27 28 33 28 23 18
12 7 6 11 10 15
16 11 16 11 16 17
10 5 6 2 7 12
18 19 14 19 24 19
7 2 6 11 7 3
10 5 10 15 10 11
11 7 3 2 6 2
31 35 30 26 25 20
3 8 3 7 2 3
22 26 30 26 31 26
9 10 9 5 0 1
7 11 10 14 19 14
19 15 19 20 24 28
18 19 15 19 18 19
31 30 31 30 35 31
9 5 1 5 6 7
34 29 34 29 30 35
22 21 20 24 19 24
20 24 23 24 23 28
25 29 25 29 34 33
22 26 31 30 25 29
19 15 10 14 19 24
24 23 28 23 18 19
32 33 34 30 25 30
32 33 28 24 19 18
16 20 19 20 15 20
14 10 14 19 15 19
8 12 8 13 17 22
19 14 10 5 0 5
15 10 11 7 6 2
5 9 5 1 5 6
27 28 23 28 24 20
1 0 5 0 5 10
26 25 30 31 35 30
7 3 7 11 7 12
3 7 3 8 3 8
19 14 19 15 10 14
8 3 7 3 8 13
13 8 12 11 16 11
22 17 12 17 22 26
17 12 16 11 10 5
0 5 1 5 0 1
35 31 26 22 17 13
12 7 2 3 7 8
28 23 28 33 32 33
7 3 2 6 2 6
13 12 7 12 13 8
22 21 20 15 19 24
12 8 3 8 3 8
33 32 33 34 33 34
5 0 1 5 10 11
11 10 5 0 5 6
9 5 1 0 5 9
19 20 19 24 28 27
4 8 4 8 7 2
19 15 20 24 20 21
16 12 16 11 16 17
4 8 7 6 5 0
32 33 28 23 18 19
8 13 8 4 8 4
30 35 31 26 30 26
22 21 20 15 10 9
31 35 30 25 29 30
6 2 3 8 12 11
33 32 33 32 33 28
3 7 3 8 4 8
15 19 24 19 14 19
21 20 19 18 23 24
32 33 32 33 28 27
16 20 24 19 20 24
20 19 20 19 20 21
35 30 31 26 22 26
23 24 20 21 25 29
31 26 30 25 26 31
27 28 27 28 24 28
3 2 7 11 6 7
21 20 25 26 25 20
34 33 34 33 34 29
25 21 25 20 15 10
10 9 10 15 19 14
11 7 8 3 2 3
17 13 17 13 12 16
8 4 8 3 7 8
19 20 25 20 21 20
17 16 20 25 26 25
17 13 12 17 22 26
14 19 14 10 14 10
7 8 13 12 11 7
20 25 20 19 14 10
21 25 20 15 19 20
10 11 10 9 10 5
32 33 34 33 32 33
29 25 21 25 21 25
5 1 0 5 6 11
6 11 16 11 10 9
34 30 31 35 30 31
25 26 30 34 30 29
8 12 8 13 17 22
0 1 0 1 5 9
6 7 12 13 8 12
35 31 35 31 30 25
34 33 32 33 34 30
15 19 24 23 18 19
12 13 12 17 12 17
10 11 10 9 10 11
4 8 12 7 11 12
15 20 19 15 20 21
23 24 23 28 33 28
20 24 28 27 28 23
18 19 15 10 11 10
14 10 15 10 15 10
35 31 30 29 25 21
13 8 3 8 7 3
12 7 12 16 20 21
3 8 12 16 12 11
8 4 8 13 17 13
26 22 17 16 11 6
10 11 10 5 1 5
23 18 23 18 19 18
33 34 33 32 33 32
25 26 25 26 22 21
25 30 34 30 31 35
19 20 15 10 5 10
32 33 32 33 28 23
20 25 30 35 30 25
14 10 9 10 15 19
22 26 31 30 31 30
3 2 7 8 7 3
2 7 12 11 16 12
22 26 22 17 22 17
16 12 13 8 3 2
18 23 18 19 15 10
34 33 32 33 32 33
27 28 33 34 29 34
13 12 11 16 12 8
29 30 25 30 34 30
2 6 2 7 8 12
0 1 5 6 5 1
2 7 3 2 6 2
19 15 20 25 20 25
20 24 19 20 16 12
14 19 15 20 25 29
1 0 5 0 1 5
17 22 17 22 26 31
1 5 0 5 1 5
15 19 18 23 28 23
5 9 5 10 15 20
19 20 16 20 15 20
10 11 7 2 7 3
30 35 30 35 31 26
16 17 22 17 12 11
13 17 12 7 12 17
5 10 11 10 5 9
1 0 5 6 11 12
25 29 30 26 22 17
26 25 30 31 35 31
25 26 25 20 24 23
28 23 24 28 33 28
29 25 26 30 31 35
10 5 1 5 1 5
0 1 5 1 5 9
11 7 6 2 3 8
5 10 15 19 14 10
10 5 1 5 10 9
4 8 13 17 13 8
16 17 12 17 16 20
22 17 13 17 13 8
15 20 24 28 33 28
24 23 28 24 19 15
14 10 5 9 5 9
32 33 34 29 34 30
3 7 8 13 17 22
5 9 5 1 0 1
10 5 9 10 11 12
18 23 24 20 24 28
9 10 5 1 5 6
13 12 8 4 8 4
1 0 5 6 5 0
32 33 32 33 32 33
11 10 5 0 1 0
31 26 25 30 29 34
3 2 3 7 12 16
2 7 12 13 17 13
26 30 34 29 25 20
10 5 9 10 14 19
24 23 18 19 18 19
28 33 34 33 32 33
31 35 31 35 31 35
22 26 30 26 25 21
30 35 31 35 31 30
19 24 19 24 19 18
18 19 24 20 21 22
21 22 17 12 8 4
2 3 8 13 17 13
33 34 33 28 24 23
26 25 26 31 35 30
5 6 7 2 6 5
10 5 0 1 5 9
17 12 16 17 13 17
14 19 20 16 12 16
16 20 16 12 8 12
3 7 12 13 8 7
9 5 10 5 9 5
20 25 21 20 21 25
10 5 9 5 0 1
6 5 10 5 0 1
34 29 25 29 30 29
20 16 12 13 8 3
7 12 13 17 13 8
16 17 13 8 4 8
7 6 11 6 11 16
0 1 0 1 5 9
20 19 14 10 15 10
7 3 8 7 2 6
8 7 11 7 6 11
0 5 1 5 6 7
28 27 28 27 28 33
7 3 7 12 13 12
14 19 14 10 5 6
7 3 7 3 8 3
13 12 16 12 11 10
16 17 16 12 16 17
14 10 15 20 15 20
13 17 13 17 22 17
30 35 30 26 25 21
19 20 21 22 17 16
5 0 1 5 10 15
18 19 14 19 14 19
12 11 6 11 12 8
23 18 23 24 20 19
2 6 11 12 17 22
23 18 19 18 23 18
26 31 30 31 30 35
14 19 18 23 18 19
30 35 30 34 33 32
5 1 5 0 5 0
35 31 26 22 17 16
29 30 25 29 25 21
31 26 25 29 30 25
19 14 10 11 10 11
32 33 34 33 32 33
16 17 12 17 13 17
3 7 8 7 8 13
27 28 24 28 24 19
21 22 17 12 11 10
31 35 31 30 29 25
15 10 14 19 18 19
34 33 34 33 32 33
3 7 2 3 8 4
21 22 26 25 30 34
21 22 21 25 30 29
11 6 5 9 5 10
4 8 12 8 4 8
31 35 31 30 26 30
19 24 23 28 33 28
14 19 20 24 19 15
19 20 25 26 31 30
10 11 16 17 13 17
12 16 12 7 8 4
27 28 33 34 33 32
33 28 23 24 23 24
2 6 11 7 11 10
6 5 6 2 6 2
19 18 23 18 23 28
11 7 2 6 5 10
1 5 10 14 10 14
30 34 33 34 29 30
21 20 16 20 15 10
3 7 11 16 17 13
17 16 17 13 12 16
23 24 19 15 19 24
28 33 28 23 18 19
7 11 12 16 11 7
22 17 16 12 13 8
32 33 28 24 20 24
11 12 16 11 10 15
19 20 16 17 13 17
15 10 11 10 11 10
9 10 5 0 5 0
6 5 6 7 8 13
24 20 16 20 24 20
19 15 19 18 19 24
27 28 24 28 33 34
35 31 30 35 31 35
15 19 20 21 22 21
29 34 29 30 31 26
18 19 20 24 23 28
16 20 25 30 26 30
8 4 8 3 2 7
13 12 13 12 8 12
2 3 2 6 11 6
33 28 33 32 33 32
35 30 25 29 25 30
32 33 28 27 28 33
31 30 26 22 17 16
7 6 2 6 11 7
34 29 25 20 25 21
8 7 11 16 12 7
24 19 18 19 18 23
9 10 14 19 14 10
2 6 11 10 5 0
35 31 35 30 26 30
31 30 25 21 22 26
32 33 28 23 28 24
14 19 14 10 14 10
31 35 30 29 25 26
8 13 12 16 17 22
31 26 22 26 30 26
23 28 24 28 33 28
16 17 13 8 4 8
21 22 26 31 26 31
3 8 3 2 6 5
19 18 19 15 19 14
30 31 26 31 35 30
33 34 30 29 25 29
12 11 10 15 10 14
14 10 9 5 0 5
31 30 31 26 22 21
15 20 19 18 19 18
23 18 23 28 24 23
8 7 8 7 3 2
15 10 15 10 14 10
6 5 9 10 11 10
20 24 20 19 14 10
1 5 0 1 5 0
26 31 30 31 26 30
4 8 12 16 11 16
35 31 35 31 35 31
8 13 12 13 8 13
8 12 13 12 16 20
11 7 8 13 17 13
29 34 30 26 22 17
27 28 27 28 33 34
9 5 0 5 6 7
30 26 25 30 29 34
12 16 20 15 10 11
15 20 16 11 10 9
33 28 33 34 33 32
23 18 23 28 33 32
31 35 31 30 25 20
21 25 20 24 19 20
20 16 12 8 4 8
23 28 24 23 18 19
33 32 33 34 29 30
11 12 13 17 16 12
7 6 11 7 12 16
29 25 29 34 29 25
32 33 28 24 23 28
5 9 10 11 12 17
30 29 30 31 30 29
0 1 5 0 1 0
22 21 25 21 22 21
1 5 10 15 20 16
18 23 28 23 28 27
29 25 20 25 21 25
13 8 12 13 17 13
6 11 10 9 5 6
9 10 5 6 7 12
0 5 1 5 10 15
19 24 23 18 19 15
30 29 25 30 31 26
25 26 25 26 30 26
30 26 25 20 19 24
28 23 24 23 18 19
14 19 15 20 25 26
26 25 29 30 29 25
35 30 26 22 21 22
14 10 15 10 5 10
31 30 34 29 25 30
33 34 30 31 26 31
14 10 5 10 14 19
2 3 7 3 2 3
9 5 6 11 10 5
4 8 3 8 4 8
6 2 3 2 6 11
10 5 10 9 5 6
13 12 7 12 17 13
34 29 30 34 33 32
0 1 0 1 5 1
5 1 0 1 5 10
34 30 29 30 26 22
24 23 28 24 23 18
18 23 18 23 24 28
28 23 24 23 24 23
20 15 20 25 29 25
35 31 26 31 30 25
10 14 19 20 19 18
25 29 30 34 29 34
31 30 26 30 25 30
10 9 10 11 7 12
9 5 6 2 7 3
35 30 26 30 25 20
19 24 19 20 19 18
13 12 8 12 7 8
25 29 25 20 24 23
15 10 9 5 1 5
19 20 21 20 25 30
10 9 5 6 11 10
29 25 20 16 11 10
23 28 27 28 24 28
13 8 12 13 8 4
14 19 24 28 24 19
31 30 29 34 29 30
29 30 29 34 30 35
23 24 28 27 28 23
23 28 33 32 33 32
14 19 24 20 25 30
5 10 9 5 6 5
11 6 11 12 7 8
1 0 1 0 5 0
6 7 3 8 13 8
19 18 19 18 19 24
18 23 18 23 18 19
3 7 3 7 12 8
17 12 16 17 12 11
17 22 26 22 17 13
19 24 28 27 28 33
22 17 16 20 24 28
3 7 8 4 8 3
21 22 17 22 26 31
29 25 21 25 21 22
1 5 10 14 10 9
19 24 20 16 17 16
9 5 10 11 7 12
14 19 20 25 29 34
16 11 10 11 10 11
32 33 28 27 28 23
19 24 20 21 20 19
30 31 35 31 35 30
4 8 4 8 13 17
5 6 5 10 5 6
19 15 19 20 24 28
12 16 17 12 13 8
30 31 30 31 26 30
11 6 7 12 16 20
11 10 11 6 2 3
4 8 7 12 8 12
18 19 15 10 15 10
3 2 7 6 5 6
3 2 7 6 7 6
16 20 15 20 25 29
21 25 26 22 26 25
10 11 10 15 20 21
17 16 12 17 16 17
12 16 12 16 17 16
16 11 7 3 8 3
15 19 18 19 20 16
20 19 18 19 20 25
8 7 6 2 7 6
33 32 33 28 27 28
24 19 20 21 25 29
4 8 7 8 3 7
23 24 19 14 19 24
2 7 11 10 5 10
11 12 8 12 17 12
33 28 33 34 29 25
35 30 35 31 30 34
23 18 23 24 20 25
9 10 11 10 5 10
8 7 6 5 1 5
34 29 30 35 31 35
31 30 26 22 21 20
14 19 18 23 24 23
33 28 33 28 27 28
0 5 6 5 0 1
2 3 2 3 8 3
0 5 10 5 0 5
18 19 24 20 25 20
32 33 34 33 32 33
34 33 34 29 25 20
4 8 12 8 13 17
25 29 30 31 30 31
27 28 33 28 27 28
33 32 33 28 24 23
30 26 30 35 30 29
13 12 16 20 15 19
22 17 22 17 22 26
33 32 33 32 33 28
18 19 20 15 19 15
29 25 30 25 26 22
30 31 26 25 20 15
14 19 18 19 14 10
16 11 16 11 7 11
13 17 16 12 16 20
19 24 23 24 23 18
29 25 30 35 31 30
3 2 6 7 2 7
25 29 25 20 19 14
28 23 24 20 15 20
13 8 7 12 13 8
24 19 15 20 15 20
14 19 18 23 18 19
31 30 35 30 26 30
3 7 3 8 12 8
26 25 21 22 21 25
29 25 30 34 33 28
22 17 13 8 3 2
32 33 32 33 28 23
3 2 3 8 4 8
8 7 12 17 13 8
11 12 16 17 12 13
20 19 14 10 15 19
17 12 13 12 7 2
26 25 30 25 29 25
27 28 27 28 27 28
7 6 2 3 8 4
6 5 6 11 16 12
17 12 13 12 8 7
29 30 35 30 26 25
27 28 24 20 25 29
20 24 20 21 25 21
12 11 16 20 24 20
19 15 19 14 10 14
35 31 26 22 17 16
35 31 26 30 31 26
12 17 12 16 17 16
33 32 33 32 33 32
0 5 1 0 5 10
26 22 21 22 21 22
11 12 7 12 7 2
2 7 8 3 8 7
8 7 2 6 11 7
35 31 26 22 17 16
4 8 13 12 11 6
14 10 9 5 1 5
24 20 25 29 25 30
30 34 29 30 35 31
25 20 21 20 16 12
10 5 9 5 10 9
17 22 21 22 17 13
20 25 20 15 10 9
27 28 23 24 28 23
14 19 20 25 30 31
10 15 19 20 25 20
3 7 11 7 8 12
11 12 17 12 7 8
0 1 0 1 0 5
27 28 24 20 24 23
7 3 2 6 7 6
8 13 8 4 8 4
20 21 22 17 12 17
9 5 6 5 1 0
15 19 20 25 20 25
28 23 18 23 18 23
16 11 10 11 7 2
24 28 23 18 23 18
15 20 24 20 21 22
35 31 26 22 26 31
31 26 22 17 12 16
14 19 18 23 24 20
11 6 7 3 7 12
4 8 4 8 3 7
19 18 19 24 23 18
18 19 18 19 20 19
28 27 28 27 28 23
1 0 1 0 5 9
11 12 11 12 11 12
0 1 5 9 10 5
35 30 26 31 35 31
17 16 20 19 14 19
28 33 32 33 32 33
33 32 33 32 33 32
28 27 28 23 28 33
17 12 16 20 24 19
9 10 14 10 14 19
25 26 25 30 29 34
32 33 34 30 35 31
29 25 26 31 35 30
35 30 34 29 30 29
7 11 16 11 10 14
24 23 28 33 28 24
33 32 33 34 33 34
17 22 17 16 17 12
1 0 1 5 6 7
12 13 17 22 26 25
7 12 11 6 11 12
15 20 21 25 20 15
0 5 0 5 10 14
19 18 23 28 27 28
35 31 26 25 30 29
28 24 23 18 19 14
28 24 28 27 28 23
32 33 34 30 25 26
6 11 7 6 5 9
23 24 20 15 10 11
35 31 35 31 26 31
10 5 1 5 6 2
9 10 5 10 11 16
17 13 12 7 3 2
16 12 17 22 17 16
12 8 3 8 3 2
20 24 28 24 20 15
26 25 30 31 26 30
22 26 25 21 22 21
35 31 26 22 21 20
4 8 13 12 7 3
24 19 15 19 20 15
18 19 20 19 15 20
34 33 28 33 34 29
33 28 24 28 24 28
21 20 24 28 33 28
4 8 7 6 2 6
16 12 16 11 6 7
34 29 25 30 35 31
30 31 35 31 26 30
22 17 16 17 13 12
12 8 7 11 16 17
30 31 26 30 26 22
13 17 13 12 8 13
10 9 5 0 5 0
34 33 28 33 28 23
13 12 13 17 22 26
20 19 20 21 22 21
6 2 3 8 3 8
0 1 0 1 0 1
17 12 7 2 3 2
34 33 32 33 34 30
29 34 29 30 34 33
24 19 15 10 11 16
32 33 28 23 28 23
21 25 20 19 18 23
25 21 20 15 10 5
18 19 14 19 20 24
15 20 19 24 23 18
27 28 27 28 27 28
9 5 9 5 10 11
26 22 21 22 26 30
35 31 26 31 35 30
4 8 12 7 2 3
3 7 8 12 13 12
8 7 2 7 6 11
33 32 33 34 29 30
8 12 13 8 4 8
11 16 12 11 10 9
17 12 8 3 7 2
5 6 2 6 11 10
14 10 11 16 20 21
14 10 15 10 9 5
19 18 23 24 23 24
35 30 25 30 29 30
7 11 12 17 13 17
0 5 1 5 6 5
31 35 31 30 29 34
12 17 12 13 12 17
32 33 34 30 31 35
5 6 7 2 7 2
16 12 8 13 8 3
22 21 20 21 25 21
28 27 28 33 34 30
18 23 24 19 14 19
29 34 29 30 34 29
0 1 5 10 9 10
14 10 14 19 14 10
27 28 33 28 27 28
6 7 2 3 7 11
19 15 10 15 10 15
23 28 24 23 24 23
1 5 9 10 14 10
35 30 26 25 30 26
33 32 33 28 27 28
26 30 25 21 25 20
15 20 24 23 18 23
0 5 1 0 5 1
14 10 14 10 14 10
9 5 10 11 12 17
16 17 22 21 22 21
23 18 23 28 24 23
33 32 33 34 29 34
33 28 27 28 33 28
27 28 23 28 27 28
26 25 29 30 31 35
4 8 12 16 11 10
31 30 25 26 25 26
35 30 34 29 25 29
8 4 8 3 8 3
8 4 8 4 8 12
20 15 10 15 19 20
18 19 14 19 14 19
24 20 15 10 15 10
9 5 6 5 6 2
26 31 30 35 30 35
16 12 13 17 13 17
7 12 17 12 11 7
5 9 5 10 15 10
0 1 0 5 1 0
9 10 5 0 5 1
27 28 24 28 24 20
27 28 24 28 24 19
27 28 33 34 33 28
14 10 14 10 5 10
10 14 19 15 19 15
15 19 18 23 18 19
4 8 7 8 13 12
32 33 28 23 24 28
15 20 16 11 7 6
25 29 34 33 32 33
35 30 34 33 28 23
28 23 24 28 27 28
9 5 0 5 9 5
32 33 28 27 28 33
31 30 35 30 26 30
16 12 13 8 3 8
35 30 26 25 29 25
26 31 35 30 25 29
16 17 13 8 7 6
6 7 3 7 6 11
30 25 30 25 30 26
31 35 31 30 26 31
23 18 19 14 10 15
8 12 7 3 2 7
6 2 6 7 3 2
16 12 13 8 4 8
19 14 19 15 10 9
13 8 12 7 11 12
4 8 12 16 11 16
4 8 3 7 12 11
21 20 21 20 24 19
11 12 8 4 8 12
34 33 34 33 32 33
23 28 33 34 30 35
28 27 28 27 28 27
27 28 24 20 16 17
13 8 4 8 3 2
4 8 12 8 7 2
5 6 11 7 2 6
24 20 15 19 15 19
9 10 11 7 8 7
13 8 7 8 13 8
29 25 29 25 20 24
25 30 34 30 29 25
2 7 12 11 6 5
35 30 25 20 15 10
35 31 26 31 30 31
7 2 3 2 3 8
12 13 12 7 11 10
32 33 28 24 23 18
21 22 26 30 26 25
3 7 8 4 8 12
11 16 11 10 15 19
18 19 18 23 18 19
11 12 11 7 11 6
29 25 21 22 26 25
34 29 34 30 34 33
22 26 22 21 25 30
2 3 2 7 6 11
1 0 1 0 1 5
0 1 0 1 5 6
19 20 24 19 14 10
17 16 20 19 15 10
28 23 18 19 20 21
8 7 3 2 6 2
14 10 15 10 5 0
11 7 8 4 8 4
29 25 29 34 30 31
11 16 12 17 12 11
21 22 21 25 30 26
20 25 29 34 33 28
25 21 22 21 22 17
4 8 3 2 7 8
19 18 23 28 27 28
0 5 6 5 1 0
31 35 31 26 30 26
13 17 13 12 8 13
12 16 20 15 20 19
12 8 7 3 7 3
26 22 21 22 26 31
18 23 18 23 24 19
34 30 25 30 35 31
30 34 30 34 29 25
24 20 16 17 13 8
13 12 7 3 7 11
14 19 18 19 18 19
31 30 26 30 35 30
11 12 8 12 13 12
33 34 29 25 21 22
12 13 17 12 16 12
14 19 24 19 24 23
5 1 5 0 5 9
14 19 20 16 17 13
15 10 11 10 9 10
29 25 29 34 33 32
9 5 9 5 6 7
15 10 5 9 5 6
22 21 25 26 25 26
21 22 26 30 29 34
15 20 24 23 24 28
1 0 1 5 6 5
22 26 22 26 22 21
25 26 31 30 26 22
20 25 21 20 21 20
14 19 24 20 15 20
28 24 28 24 23 18
24 23 24 19 18 23
25 20 15 10 14 19
34 30 31 26 22 17
17 16 11 16 12 7
15 10 9 10 15 10
21 20 15 20 16 11
19 15 20 24 28 23
12 16 12 8 12 16
28 27 28 23 24 28
33 32 33 32 33 34
20 19 24 19 20 19
31 35 31 30 34 29
4 8 4 8 13 17
17 22 17 13 17 12
30 31 26 30 25 21
15 10 9 5 1 0
13 12 7 8 7 6
29 30 34 33 34 29
31 35 30 25 21 20
18 23 28 27 28 33
33 32 33 28 24 20
10 5 10 15 10 14
22 21 20 25 30 25
0 5 6 2 7 6
30 29 30 25 21 25
26 30 29 30 25 21
16 20 24 28 33 34
23 18 19 14 10 14
22 26 22 21 22 26
15 10 11 12 16 17
29 34 33 34 29 30
32 33 28 23 28 27
26 31 35 30 34 30
18 23 28 23 28 24
21 20 24 19 20 19
16 12 13 12 16 11
29 30 26 30 25 26
1 5 10 9 10 9
23 28 24 19 14 19
12 8 4 8 3 7
26 22 17 13 17 16
32 33 28 24 28 23
5 6 5 9 10 9
32 33 28 23 18 23
11 16 11 10 14 19
26 22 26 25 29 25
12 13 8 13 17 16
4 8 4 8 12 17
28 24 28 27 28 27
24 23 24 23 18 19
33 32 33 34 29 25
33 32 33 28 33 28
34 33 28 33 32 33
33 34 29 34 33 28
17 12 8 7 11 12
12 17 13 17 12 8
5 9 5 9 10 5
27 28 23 28 24 19
18 19 24 23 24 28
26 25 30 26 22 17
1 5 10 11 7 12
9 10 15 19 14 19
20 24 19 14 19 15
10 5 9 10 15 10
11 10 11 16 17 12
29 25 21 20 24 28
31 35 31 30 26 31
24 20 15 19 20 24
7 8 4 8 7 6
30 35 31 26 22 17
12 13 8 12 7 8
26 22 26 30 34 29
3 7 2 6 11 12
23 28 33 34 33 32
12 16 12 8 13 8
23 24 19 14 10 15
33 32 33 32 33 32
34 30 35 31 35 31
7 3 7 12 17 16
14 19 20 19 24 23
20 25 26 31 35 31
8 12 8 12 13 12
10 9 10 15 19 15
21 20 16 11 12 16
7 3 7 12 16 17
11 16 11 6 2 3
27 28 24 20 25 20
28 33 28 24 23 18
9 10 14 10 5 0
24 28 24 23 18 19
14 19 18 19 24 20
9 5 1 0 1 5
17 22 17 22 17 22
7 8 3 2 6 5
12 17 12 11 12 7
28 33 32 33 32 33
35 31 30 35 31 30
3 2 3 8 12 16
6 11 6 2 3 7
34 33 32 33 32 33
15 20 15 10 9 10
24 19 18 19 14 10
11 16 12 8 13 17
3 8 3 2 7 12
34 30 34 29 30 31
0 1 5 1 0 1
34 33 34 33 28 27
19 18 23 18 19 18
28 27 28 23 24 20
18 23 24 20 19 20
25 26 25 21 25 30
5 1 0 1 5 9
22 21 20 25 20 21
2 7 6 7 8 3
20 21 22 26 22 17
0 1 0 1 0 5
34 29 25 20 24 23
8 4 8 12 17 13
20 16 11 12 8 3
21 20 21 20 25 21
30 35 30 25 20 25
23 28 24 23 28 33
32 33 28 23 24 23
18 23 28 24 28 23
1 0 1 0 1 5
30 26 30 34 30 26
20 25 26 31 30 31
18 23 18 19 20 24
13 8 7 12 11 10
4 8 4 8 4 8
14 19 24 28 27 28
31 35 31 35 31 30
31 35 30 34 30 34
28 27 28 23 18 23
19 20 25 26 22 21
25 26 25 21 22 26
34 29 25 29 25 21
17 12 13 12 8 7
3 2 6 2 6 5
32 33 34 33 34 29
32 33 34 29 25 30
7 6 2 7 3 7
8 13 17 12 11 12
30 29 30 29 34 33
31 35 30 35 30 25
22 21 20 21 20 15
31 26 30 34 33 28
30 35 30 29 25 30
27 28 33 32 33 32
3 2 7 3 7 3
35 31 35 30 26 22
12 17 16 11 16 17
3 2 3 8 4 8
34 29 25 26 30 31
22 21 25 26 31 30
14 10 11 10 5 10
22 17 16 17 22 26
10 11 10 11 6 5
9 5 9 5 10 11
30 29 34 33 34 33
34 30 25 20 21 20
6 5 9 5 1 5
24 28 24 19 24 28
24 28 27 28 27 28
14 19 18 19 14 10
30 35 31 30 25 20
20 24 23 18 19 24
17 22 17 13 12 16
13 8 3 8 13 17
32 33 32 33 32 33
25 26 22 26 22 17
25 29 25 21 22 17
34 29 30 35 31 26
29 25 30 29 34 33
2 7 3 2 7 12
21 20 16 11 7 11
35 31 26 30 25 21
24 23 24 23 18 23
26 31 30 34 33 32
22 17 16 17 22 21
26 22 26 25 29 34
26 31 35 31 26 25
1 0 5 0 1 5
22 26 31 35 31 35
22 26 25 30 34 30
3 2 7 6 11 10
1 5 10 14 19 15
30 31 30 31 26 25
22 21 22 26 31 30
25 26 30 31 35 31
19 20 19 20 24 28
4 8 7 3 8 4
34 33 34 30 31 35
27 28 23 18 23 24
31 26 22 21 22 17
0 1 5 9 5 6
19 15 20 24 23 18
5 9 5 6 5 0
3 7 12 11 10 11
13 12 8 4 8 3
34 33 32 33 34 29
3 7 11 7 3 7
31 35 31 26 22 21
26 25 26 30 29 30
14 19 14 19 14 10
18 19 24 28 27 28
27 28 27 28 23 24
3 8 12 17 22 17
25 21 20 21 22 17
13 17 22 21 25 30
19 14 10 11 10 11
35 31 30 29 30 35
11 7 2 6 5 0
29 30 29 34 33 28
4 8 12 11 6 5
19 24 28 33 28 33
2 3 8 7 2 6
8 13 8 12 13 12
14 19 15 10 15 10
21 22 21 20 21 22
22 17 13 8 12 11
34 33 34 29 25 29
23 24 23 28 27 28
19 20 19 15 10 14
10 11 7 6 11 16
33 34 30 34 30 34
7 3 2 6 5 1
22 17 16 12 8 13
15 20 25 29 30 35
8 13 17 12 11 10
0 5 0 1 0 5
2 7 12 11 7 12
3 7 6 7 11 12
32 33 32 33 28 33
22 17 12 17 22 21
20 25 26 31 35 30
19 20 16 12 17 22
4 8 7 2 7 6
35 31 35 30 25 26
27 28 23 28 27 28
15 10 5 1 0 5
14 10 14 10 11 6
10 14 19 24 19 15
33 28 24 19 20 16
5 10 14 10 9 5
21 20 21 20 25 30
33 34 29 34 29 34
23 28 27 28 33 28
15 19 18 19 20 21
25 29 34 33 28 24
0 1 0 1 5 1
11 7 3 2 6 5
2 3 2 6 5 6
21 25 20 25 30 26
4 8 12 7 11 7
11 16 20 25 26 22
35 31 26 31 30 26
18 19 15 19 24 23
17 16 12 13 8 4
34 33 28 24 20 16
29 30 34 29 30 34
5 0 5 1 0 5
17 16 11 10 14 10
17 16 20 15 19 14
11 7 11 10 11 6
4 8 7 3 7 8
2 7 2 6 2 7
5 10 5 6 2 6
28 23 18 23 18 19
27 28 27 28 27 28
22 17 13 8 3 7
8 3 7 11 10 15
22 26 25 26 31 35
13 17 22 26 31 30
27 28 27 28 23 24
19 15 20 15 20 25
22 21 22 21 25 26
6 11 7 3 2 7
7 3 7 3 2 3
18 19 24 23 28 27
33 34 30 29 25 29
30 26 30 29 34 33
11 10 15 19 24 19
23 18 23 28 24 19
8 4 8 13 17 16
30 34 30 34 33 28
18 19 18 23 18 19
20 21 20 15 10 14
29 25 26 22 21 25
28 24 28 27 28 27
31 30 29 30 29 34
4 8 7 8 4 8
10 11 16 11 10 9
31 35 30 34 30 26
4 8 13 12 17 13
16 11 16 11 16 11
15 19 15 20 25 26
3 2 7 12 16 20
2 6 5 6 2 7
31 30 29 25 26 31
8 3 2 3 7 11
13 8 3 7 12 8
5 10 15 19 24 20
20 15 19 15 20 19
22 26 30 31 26 25
24 28 27 28 27 28
30 35 31 30 26 31
24 23 28 33 32 33
27 28 27 28 23 24
23 28 33 34 29 34
0 1 5 0 1 5
8 4 8 13 12 16
25 29 25 20 21 25
31 35 31 35 30 35
13 12 11 16 11 6
31 30 26 22 17 13
35 31 26 30 35 30
26 22 26 22 21 25
18 19 24 20 21 20
9 5 0 5 6 5
29 34 30 29 30 26
29 25 30 26 31 26
29 25 20 16 12 17
24 20 16 12 16 12
24 23 28 33 28 23
12 7 12 11 10 15
4 8 7 12 17 12
23 18 23 18 23 28
24 28 23 28 33 34
6 7 11 12 11 7
24 28 24 23 24 28
32 33 32 33 34 33
8 7 2 7 6 11
0 5 0 1 0 5
10 5 6 2 7 2
31 35 30 26 30 29
28 23 28 24 19 20
35 31 30 25 26 22
10 11 10 5 1 5
18 19 15 20 16 11
19 24 19 24 28 27
7 12 13 17 12 8
1 5 6 2 7 8
34 33 32 33 34 33
17 22 17 13 17 22
6 7 12 16 20 19
20 15 19 14 19 18
30 34 33 28 23 24
8 4 8 4 8 3
34 33 28 33 34 30
13 12 8 12 8 7
6 5 1 0 5 1
25 26 31 35 31 35
3 8 12 8 7 8
30 35 31 30 31 26
19 24 20 24 19 24
34 29 30 34 33 34
21 22 21 25 26 30
0 1 0 1 5 9
16 12 8 7 2 3
4 8 4 8 12 7
33 32 33 34 29 34
15 20 24 19 24 20
17 13 12 16 20 25
16 11 16 11 12 11
7 6 7 12 16 20
10 15 19 14 19 14
16 20 19 14 10 15
10 14 10 15 19 15
16 20 15 19 18 19
7 12 13 17 22 21
13 12 13 12 7 11
26 22 17 13 12 8
16 12 13 8 4 8
26 30 25 21 20 15
35 31 30 34 29 25
30 34 33 28 27 28
22 26 22 17 16 11
5 9 10 11 7 8
33 28 27 28 23 18
6 2 6 7 11 12
12 7 6 11 12 16
20 15 10 14 10 5
33 28 27 28 24 28
24 23 18 19 14 10
27 28 27 28 24 23
32 33 28 23 18 23
34 33 34 29 34 29
34 33 32 33 28 24
1 5 0 1 5 9
27 28 27 28 33 34
7 6 5 6 2 6
15 10 14 10 9 5
1 0 1 0 1 5
0 1 0 5 9 10
34 30 35 30 31 26
22 26 30 26 22 17
16 11 12 8 12 13
16 11 16 12 13 12
2 3 2 7 2 7
21 25 29 30 34 33
9 5 10 14 10 15
22 26 25 21 20 19
9 10 9 10 11 12
33 34 29 25 30 29
1 0 1 0 5 6
